{
 "cells": [
  {
   "cell_type": "markdown",
   "metadata": {},
   "source": [
    "# Determinantal Point Process in Python\n",
    "\n",
    "First, let's start the environment."
   ]
  },
  {
   "cell_type": "code",
   "execution_count": 3,
   "metadata": {
    "collapsed": false
   },
   "outputs": [],
   "source": [
    "import numpy as np\n",
    "import matplotlib.pyplot as plt\n",
    "\n",
    "# This is a bit of magic to make matplotlib figures appear inline in the notebook\n",
    "# rather than in a new window.\n",
    "%matplotlib inline\n",
    "plt.rcParams['figure.figsize'] = (10.0, 8.0) # set default size of plots\n",
    "plt.rcParams['image.interpolation'] = 'nearest'\n",
    "plt.rcParams['image.cmap'] = 'gray'\n",
    "\n",
    "# Some more magic so that the notebook will reload external python modules;\n",
    "# see http://stackoverflow.com/questions/1907993/autoreload-of-modules-in-ipython\n",
    "%load_ext autoreload\n",
    "%autoreload 2"
   ]
  },
  {
   "cell_type": "markdown",
   "metadata": {},
   "source": [
    "# Questions\n",
    "\n",
    "1. How do I define a $L$ kernel? Can it be defined through $B^T B$?\n",
    "2. The kernel $K$ can be seen as a cumulative function of $L$, since it computes $P_K(A \\subseteq \\mathbf{Y})$ instead of $P_L(\\mathbf{Y} = A)$?"
   ]
  },
  {
   "cell_type": "code",
   "execution_count": 4,
   "metadata": {
    "collapsed": false
   },
   "outputs": [
    {
     "name": "stdout",
     "output_type": "stream",
     "text": [
      "[[0]\n",
      " [1]\n",
      " [2]\n",
      " [3]\n",
      " [4]\n",
      " [5]\n",
      " [6]\n",
      " [7]\n",
      " [8]\n",
      " [9]]\n",
      "[0 1 2 3 4 5 6 7 8 9]\n",
      "[[ 0 -1 -2 -3 -4 -5 -6 -7 -8 -9]\n",
      " [ 1  0 -1 -2 -3 -4 -5 -6 -7 -8]\n",
      " [ 2  1  0 -1 -2 -3 -4 -5 -6 -7]\n",
      " [ 3  2  1  0 -1 -2 -3 -4 -5 -6]\n",
      " [ 4  3  2  1  0 -1 -2 -3 -4 -5]\n",
      " [ 5  4  3  2  1  0 -1 -2 -3 -4]\n",
      " [ 6  5  4  3  2  1  0 -1 -2 -3]\n",
      " [ 7  6  5  4  3  2  1  0 -1 -2]\n",
      " [ 8  7  6  5  4  3  2  1  0 -1]\n",
      " [ 9  8  7  6  5  4  3  2  1  0]]\n",
      "\n",
      "[[0 0 0 0 0 0 0 0 0 0]\n",
      " [1 1 1 1 1 1 1 1 1 1]\n",
      " [2 2 2 2 2 2 2 2 2 2]\n",
      " [3 3 3 3 3 3 3 3 3 3]\n",
      " [4 4 4 4 4 4 4 4 4 4]\n",
      " [5 5 5 5 5 5 5 5 5 5]\n",
      " [6 6 6 6 6 6 6 6 6 6]\n",
      " [7 7 7 7 7 7 7 7 7 7]\n",
      " [8 8 8 8 8 8 8 8 8 8]\n",
      " [9 9 9 9 9 9 9 9 9 9]]\n",
      "[[0 1 2 3 4 5 6 7 8 9]\n",
      " [0 1 2 3 4 5 6 7 8 9]\n",
      " [0 1 2 3 4 5 6 7 8 9]\n",
      " [0 1 2 3 4 5 6 7 8 9]\n",
      " [0 1 2 3 4 5 6 7 8 9]\n",
      " [0 1 2 3 4 5 6 7 8 9]\n",
      " [0 1 2 3 4 5 6 7 8 9]\n",
      " [0 1 2 3 4 5 6 7 8 9]\n",
      " [0 1 2 3 4 5 6 7 8 9]\n",
      " [0 1 2 3 4 5 6 7 8 9]]\n",
      "[[ 0 -1 -2 -3 -4 -5 -6 -7 -8 -9]\n",
      " [ 1  0 -1 -2 -3 -4 -5 -6 -7 -8]\n",
      " [ 2  1  0 -1 -2 -3 -4 -5 -6 -7]\n",
      " [ 3  2  1  0 -1 -2 -3 -4 -5 -6]\n",
      " [ 4  3  2  1  0 -1 -2 -3 -4 -5]\n",
      " [ 5  4  3  2  1  0 -1 -2 -3 -4]\n",
      " [ 6  5  4  3  2  1  0 -1 -2 -3]\n",
      " [ 7  6  5  4  3  2  1  0 -1 -2]\n",
      " [ 8  7  6  5  4  3  2  1  0 -1]\n",
      " [ 9  8  7  6  5  4  3  2  1  0]]\n"
     ]
    }
   ],
   "source": [
    "# Understanding broadcasting, used by Kulesza in the MATLAB code (bsxfun)\n",
    "A = np.arange(0,10) \n",
    "print A[np.newaxis].T\n",
    "print A\n",
    "print A[np.newaxis].T - A\n",
    "# You're taking the first elem, say [0], you fill it until it reaches the same rank of A, then you subtract [0] by\n",
    "# every element in A\n",
    "\n",
    "# it's like I stacked A[np.newaxis].T until it had 9 dims\n",
    "print \"\"\n",
    "print np.tile(A[np.newaxis].T, (1,10))\n",
    "print np.tile(A, (10,1)) \n",
    "print np.tile(A[np.newaxis].T, (1,10)) - np.tile(A, (10,1))"
   ]
  },
  {
   "cell_type": "code",
   "execution_count": 5,
   "metadata": {
    "collapsed": false,
    "scrolled": false
   },
   "outputs": [
    {
     "name": "stdout",
     "output_type": "stream",
     "text": [
      "\n",
      "(xx - xx.T):\n",
      "[[ 0.  -0.1 -0.2 ..., -0.7 -0.8 -0.9]\n",
      " [ 0.1  0.  -0.1 ..., -0.6 -0.7 -0.8]\n",
      " [ 0.2  0.1  0.  ..., -0.5 -0.6 -0.7]\n",
      " ..., \n",
      " [ 0.7  0.6  0.5 ...,  0.  -0.1 -0.2]\n",
      " [ 0.8  0.7  0.6 ...,  0.1  0.  -0.1]\n",
      " [ 0.9  0.8  0.7 ...,  0.2  0.1  0. ]]\n",
      "\n",
      "(xx - xx.T)**2:\n",
      "[[ 0.    0.01  0.04 ...,  0.49  0.64  0.81]\n",
      " [ 0.01  0.    0.01 ...,  0.36  0.49  0.64]\n",
      " [ 0.04  0.01  0.   ...,  0.25  0.36  0.49]\n",
      " ..., \n",
      " [ 0.49  0.36  0.25 ...,  0.    0.01  0.04]\n",
      " [ 0.64  0.49  0.36 ...,  0.01  0.    0.01]\n",
      " [ 0.81  0.64  0.49 ...,  0.04  0.01  0.  ]]\n",
      "\n",
      "(xx - xx.T)**2 + (yy - yy.T)**2:\n",
      "[[ 0.    0.01  0.04 ...,  1.3   1.45  1.62]\n",
      " [ 0.01  0.    0.01 ...,  1.17  1.3   1.45]\n",
      " [ 0.04  0.01  0.   ...,  1.06  1.17  1.3 ]\n",
      " ..., \n",
      " [ 1.3   1.17  1.06 ...,  0.    0.01  0.04]\n",
      " [ 1.45  1.3   1.17 ...,  0.01  0.    0.01]\n",
      " [ 1.62  1.45  1.3  ...,  0.04  0.01  0.  ]]\n",
      "\n",
      "np.exp((xx - xx.T)**2 + (yy - yy.T)**2):\n",
      "[[ 1.          1.01005017  1.04081077 ...,  3.66929667  4.26311452\n",
      "   5.05309032]\n",
      " [ 1.01005017  1.          1.01005017 ...,  3.22199264  3.66929667\n",
      "   4.26311452]\n",
      " [ 1.04081077  1.01005017  1.         ...,  2.88637099  3.22199264\n",
      "   3.66929667]\n",
      " ..., \n",
      " [ 3.66929667  3.22199264  2.88637099 ...,  1.          1.01005017\n",
      "   1.04081077]\n",
      " [ 4.26311452  3.66929667  3.22199264 ...,  1.01005017  1.          1.01005017]\n",
      " [ 5.05309032  4.26311452  3.66929667 ...,  1.04081077  1.01005017  1.        ]]\n",
      "\n",
      "np.exp(-0.5 * ((xx - xx.T)**2 + (yy - yy.T)**2)):\n",
      "[[ 1.          0.99501248  0.98019867 ...,  0.52204578  0.48432457\n",
      "   0.44485807]\n",
      " [ 0.99501248  1.          0.99501248 ...,  0.55710586  0.52204578\n",
      "   0.48432457]\n",
      " [ 0.98019867  0.99501248  1.         ...,  0.58860497  0.55710586\n",
      "   0.52204578]\n",
      " ..., \n",
      " [ 0.52204578  0.55710586  0.58860497 ...,  1.          0.99501248\n",
      "   0.98019867]\n",
      " [ 0.48432457  0.52204578  0.55710586 ...,  0.99501248  1.          0.99501248]\n",
      " [ 0.44485807  0.48432457  0.52204578 ...,  0.98019867  0.99501248  1.        ]]\n",
      "\n",
      "np.exp(-0.5 * ((xx - xx.T)**2 + (yy - yy.T)**2) / sigma**2):\n",
      "[[  1.00000000e+00   6.06530660e-01   1.35335283e-01 ...,   5.90009054e-29\n",
      "    3.26324786e-32   6.63967720e-36]\n",
      " [  6.06530660e-01   1.00000000e+00   6.06530660e-01 ...,   3.92439586e-26\n",
      "    5.90009054e-29   3.26324786e-32]\n",
      " [  1.35335283e-01   6.06530660e-01   1.00000000e+00 ...,   9.60268005e-24\n",
      "    3.92439586e-26   5.90009054e-29]\n",
      " ..., \n",
      " [  5.90009054e-29   3.92439586e-26   9.60268005e-24 ...,   1.00000000e+00\n",
      "    6.06530660e-01   1.35335283e-01]\n",
      " [  3.26324786e-32   5.90009054e-29   3.92439586e-26 ...,   6.06530660e-01\n",
      "    1.00000000e+00   6.06530660e-01]\n",
      " [  6.63967720e-36   3.26324786e-32   5.90009054e-29 ...,   1.35335283e-01\n",
      "    6.06530660e-01   1.00000000e+00]]\n"
     ]
    }
   ],
   "source": [
    "n = 10 # thus, N = n^2. As I'm sampling from a plane, D = 2\n",
    "sigma = 0.1 \n",
    "grid_points = np.arange(n) / float(n)\n",
    "xx, yy = np.meshgrid(grid_points, grid_points) # every possibility in the grid\n",
    "\n",
    "xx = xx.flatten()[np.newaxis].T\n",
    "yy = yy.flatten()[np.newaxis].T\n",
    "\n",
    "print \"\\n(xx - xx.T):\\n\", (xx - xx.T)\n",
    "print \"\\n(xx - xx.T)**2:\\n\",(xx - xx.T)**2 \n",
    "print \"\\n(xx - xx.T)**2 + (yy - yy.T)**2:\\n\", (xx - xx.T)**2 + (yy - yy.T)**2 \n",
    "print \"\\nnp.exp((xx - xx.T)**2 + (yy - yy.T)**2):\\n\", np.exp((xx - xx.T)**2 + (yy - yy.T)**2)\n",
    "print \"\\nnp.exp(-0.5 * ((xx - xx.T)**2 + (yy - yy.T)**2)):\\n\", np.exp(-0.5 * ((xx - xx.T)**2 + (yy - yy.T)**2))\n",
    "print \"\\nnp.exp(-0.5 * ((xx - xx.T)**2 + (yy - yy.T)**2) / sigma**2):\\n\", np.exp(-0.5 * ((xx - xx.T)**2 + (yy - yy.T)**2) / sigma**2)\n",
    "L = np.exp(-0.5 * ((xx - xx.T)**2 + (yy - yy.T)**2) / sigma**2)"
   ]
  },
  {
   "cell_type": "code",
   "execution_count": 6,
   "metadata": {
    "collapsed": false
   },
   "outputs": [
    {
     "name": "stdout",
     "output_type": "stream",
     "text": [
      "the pair (xx[i], yy[i]) contains every possible grid configuration\n",
      "xx: (100, 1)\n",
      "yy: (100, 1)\n",
      "L: (100, 100)\n"
     ]
    }
   ],
   "source": [
    "print \"the pair (xx[i], yy[i]) contains every possible grid configuration\"\n",
    "print \"xx:\", xx.shape\n",
    "print \"yy:\", yy.shape\n",
    "print \"L:\", L.shape"
   ]
  },
  {
   "cell_type": "markdown",
   "metadata": {},
   "source": [
    "Mapping indices position to every point in the grid"
   ]
  },
  {
   "cell_type": "code",
   "execution_count": 40,
   "metadata": {
    "collapsed": false
   },
   "outputs": [
    {
     "name": "stdout",
     "output_type": "stream",
     "text": [
      "[[ 0.   0. ]\n",
      " [ 0.5  0. ]\n",
      " [ 0.5  0.5]\n",
      " [ 0.9  0.9]]\n",
      "[ 0.  0.]\n"
     ]
    }
   ],
   "source": [
    "#idx_to_point = { i: point for i, point in enumerate(zip(xx,yy)) }\n",
    "#print idx_to_point[0][0][0]\n",
    "\n",
    "idx_to_point = np.hstack((xx, yy))\n",
    "point_to_idx = { tuple(point): i for i, point in enumerate(idx_to_point) }\n",
    "\n",
    "print idx_to_point[[0,5,55,99]]\n",
    "print idx_to_point[0]\n",
    "\n",
    "# can't convert floating points to indices\n",
    "#print point_to_idx[(1,0)]\n",
    "#print point_to_idx"
   ]
  },
  {
   "cell_type": "markdown",
   "metadata": {},
   "source": [
    "## Computing probabilities using the ensemble kernel $L$\n",
    "\n",
    "First, computing individual probabilities."
   ]
  },
  {
   "cell_type": "code",
   "execution_count": 8,
   "metadata": {
    "collapsed": false
   },
   "outputs": [
    {
     "name": "stdout",
     "output_type": "stream",
     "text": [
      "Pr(Y = 0) = 1.0\n",
      "Pr(Y = 1) = 1.0\n"
     ]
    }
   ],
   "source": [
    "# Computing some probabilities using L-ensembles\n",
    "\n",
    "# computing the probability of a singleton {i}, i.e., a set containing a single element\n",
    "# np.linalg.det(L[0,0])\n",
    "print \"Pr(Y = 0) =\", L[0,0]\n",
    "print \"Pr(Y = 1) =\", L[1,1]"
   ]
  },
  {
   "cell_type": "markdown",
   "metadata": {},
   "source": [
    "Probabilities of more elements."
   ]
  },
  {
   "cell_type": "code",
   "execution_count": 9,
   "metadata": {
    "collapsed": false
   },
   "outputs": [
    {
     "name": "stdout",
     "output_type": "stream",
     "text": [
      "probability of selecting elements (0,0) and (1,0) in the grid\n",
      "[[ 1.          0.60653066]\n",
      " [ 0.60653066  1.        ]]\n",
      "0.632120558829\n",
      "by hand: 0.63212055848\n",
      "\n",
      "probability of selecting elements (0,0),(1,0),(2,0) in the grid\n",
      "[[ 1.          0.60653066  0.13533528]\n",
      " [ 0.60653066  1.          0.60653066]\n",
      " [ 0.13533528  0.60653066  1.        ]]\n",
      "0.345499615504\n",
      "\n",
      "probability of including all points\n",
      "\n",
      "[[  1.00000000e+00   6.06530660e-01   1.35335283e-01 ...,   5.90009054e-29\n",
      "    3.26324786e-32   6.63967720e-36]\n",
      " [  6.06530660e-01   1.00000000e+00   6.06530660e-01 ...,   3.92439586e-26\n",
      "    5.90009054e-29   3.26324786e-32]\n",
      " [  1.35335283e-01   6.06530660e-01   1.00000000e+00 ...,   9.60268005e-24\n",
      "    3.92439586e-26   5.90009054e-29]\n",
      " ..., \n",
      " [  5.90009054e-29   3.92439586e-26   9.60268005e-24 ...,   1.00000000e+00\n",
      "    6.06530660e-01   1.35335283e-01]\n",
      " [  3.26324786e-32   5.90009054e-29   3.92439586e-26 ...,   6.06530660e-01\n",
      "    1.00000000e+00   6.06530660e-01]\n",
      " [  6.63967720e-36   3.26324786e-32   5.90009054e-29 ...,   1.35335283e-01\n",
      "    6.06530660e-01   1.00000000e+00]]\n",
      "3.6363232855e-51\n"
     ]
    }
   ],
   "source": [
    "print \"probability of selecting elements (0,0) and (1,0) in the grid\"\n",
    "print L[0:2, 0:2]\n",
    "print np.linalg.det(L[0:2, 0:2])\n",
    "print \"by hand:\", 1*1 - 0.60653066**2\n",
    "print \n",
    "print \"probability of selecting elements (0,0),(1,0),(2,0) in the grid\"\n",
    "print L[0:3, 0:3]\n",
    "print np.linalg.det(L[0:3, 0:3])\n",
    "print\n",
    "print \"probability of including all points\"\n",
    "print \"\\n\", L\n",
    "print np.linalg.det(L)\n",
    "\n",
    "#print \"\\n\", L[3, 3]\n",
    "#print np.linalg.det(L[0:3, 0:3])\n"
   ]
  },
  {
   "cell_type": "code",
   "execution_count": 10,
   "metadata": {
    "collapsed": false
   },
   "outputs": [
    {
     "name": "stdout",
     "output_type": "stream",
     "text": [
      "[[1 2 3 1]\n",
      " [4 5 6 2]\n",
      " [7 8 9 3]\n",
      " [0 0 0 4]]\n"
     ]
    },
    {
     "data": {
      "text/plain": [
       "array([[1, 3, 1],\n",
       "       [7, 9, 3],\n",
       "       [0, 0, 4]])"
      ]
     },
     "execution_count": 10,
     "metadata": {},
     "output_type": "execute_result"
    }
   ],
   "source": [
    "# taking all but one column trick\n",
    "A = np.array([[1,2,3,1],[4,5,6,2],[7,8,9,3],[0,0,0,4]])\n",
    "print A\n",
    "A[ [[0],[2],[3]] , [0,2,3] ]"
   ]
  },
  {
   "cell_type": "code",
   "execution_count": 11,
   "metadata": {
    "collapsed": false
   },
   "outputs": [
    {
     "name": "stdout",
     "output_type": "stream",
     "text": [
      "i = {0,1,2}: 0.345499615504\n",
      "i = {0,1,3}: 0.615505274067\n",
      "i = {0,1,4}: 0.632001557148\n",
      "i = {0,1,9}: 0.632120558829\n",
      "\n",
      "As expected, the set {0,1,2} has lower probability than other sets with more distant numbers, such as {0,1,3}, {0,1,9}\n"
     ]
    }
   ],
   "source": [
    "print \"i = {0,1,2}:\", \n",
    "#print L[ [[0],[1],[2]] , [0,1,2] ]\n",
    "print np.linalg.det(L[ [[0],[1],[2]] , [0,1,2] ])\n",
    "\n",
    "print \"i = {0,1,3}:\", \n",
    "#print L[ [[0],[1],[3]] , [0,1,3] ]\n",
    "print np.linalg.det(L[ [[0],[1],[3]] , [0,1,3] ])\n",
    "\n",
    "print \"i = {0,1,4}:\", \n",
    "#print L[ [[0],[1],[4]] , [0,1,4] ]\n",
    "print np.linalg.det(L[ [[0],[1],[4]] , [0,1,4] ])\n",
    "\n",
    "print \"i = {0,1,9}:\", \n",
    "#print L[ [[0],[1],[9]] , [0,1,9] ]\n",
    "print np.linalg.det(L[ [[0],[1],[9]] , [0,1,9] ])\n",
    "\n",
    "print \"\\nAs expected, the set {0,1,2} has lower probability than other sets with more distant numbers,\",\n",
    "print \"such as {0,1,3}, {0,1,9}\""
   ]
  },
  {
   "cell_type": "code",
   "execution_count": 12,
   "metadata": {
    "collapsed": false
   },
   "outputs": [
    {
     "name": "stdout",
     "output_type": "stream",
     "text": [
      "[[0], [3]]\n",
      "[[1 1]\n",
      " [0 4]]\n"
     ]
    }
   ],
   "source": [
    "# coding a way to use only the elements that i'm interested\n",
    "A = np.array([[1,2,3,1],[4,5,6,2],[7,8,9,3],[0,0,0,4]])\n",
    "selected_items = [0,3]\n",
    "#br_idxs = map(lambda x: list(x), selected_items) # broadcasted items\n",
    "br_idxs = [[a] for a in selected_items]\n",
    "\n",
    "print br_idxs\n",
    "print A[br_idxs, selected_items]"
   ]
  },
  {
   "cell_type": "markdown",
   "metadata": {},
   "source": [
    "## Computing kernel $K$ from ensemble $L$\n",
    "\n",
    "There are two ways to compute the marginal kernel $K$. Using the following operation:\n",
    "\n",
    "$K = L (L+I)^{-1}$.\n",
    "\n",
    "Or using the eigendecomposition of $L$:\n",
    "\n",
    "$K = \\sum_{n=1}^N{( \\frac{\\lambda_n}{\\lambda_n + 1} \\mathbf{v_n} \\mathbf{v_n}^T )}$."
   ]
  },
  {
   "cell_type": "code",
   "execution_count": 13,
   "metadata": {
    "collapsed": false
   },
   "outputs": [
    {
     "name": "stdout",
     "output_type": "stream",
     "text": [
      "K = [[  2.92187927e+00   2.40410551e+00   1.02997297e+00 ...,   2.41262239e-14\n",
      "    5.67511804e-16   8.09344647e-18]\n",
      " [  2.40410551e+00   3.43187738e+00   2.51790147e+00 ...,   6.22352262e-13\n",
      "    2.41262239e-14   5.67511804e-16]\n",
      " [  1.02997297e+00   2.51790147e+00   3.45726869e+00 ...,   9.73321340e-12\n",
      "    6.22352262e-13   2.41262239e-14]\n",
      " ..., \n",
      " [  2.41262239e-14   6.22352262e-13   9.73321340e-12 ...,   3.45726869e+00\n",
      "    2.51790147e+00   1.02997297e+00]\n",
      " [  5.67511804e-16   2.41262239e-14   6.22352262e-13 ...,   2.51790147e+00\n",
      "    3.43187738e+00   2.40410551e+00]\n",
      " [  8.09344647e-18   5.67511804e-16   2.41262239e-14 ...,   1.02997297e+00\n",
      "    2.40410551e+00   2.92187927e+00]]\n"
     ]
    }
   ],
   "source": [
    "import scipy.linalg\n",
    "\n",
    "# Using the first form:\n",
    "K = L.dot( L + np.eye(L.shape[0], L.shape[1]) )\n",
    "print \"K =\", K\n",
    "\n",
    "\n",
    "# or using eigendecomposition:\n",
    "#eV, eD = scipy.linalg.eig(L)\n",
    "#\n",
    "# (eV / (eV + 1.0))\n",
    "#Lrecomp = np.zeros_like(eD)\n",
    "#for i in xrange(eD.shape[0]):\n",
    "#    print (eV[i]/(eV[i] + 1))\n",
    "#    print (eD[i].dot(eD[i].T))\n",
    "#    Lrecomp[i,:] = (eV[i]/(eV[i] + 1)) * eD[i].dot(eD[i].T)\n",
    "\n"
   ]
  },
  {
   "cell_type": "code",
   "execution_count": 14,
   "metadata": {
    "collapsed": false
   },
   "outputs": [
    {
     "name": "stdout",
     "output_type": "stream",
     "text": [
      "i = {0,1,2}: 4.99038723497\n",
      "i = {0,1,3}: 12.6287989816\n",
      "i = {0,1,4}: 14.5252532566\n",
      "i = {0,1,9}: 12.4115823498\n"
     ]
    }
   ],
   "source": [
    "# computing the same previous probabilities, but using the marginal kernel K\n",
    "def rev_idxs(items):\n",
    "    idxs_list = [[a] for a in items]\n",
    "    return idxs_list, items\n",
    "\n",
    "print \"i = {0,1,2}:\",\n",
    "print np.linalg.det(K[ rev_idxs([0,1,2]) ])\n",
    "\n",
    "print \"i = {0,1,3}:\",\n",
    "print np.linalg.det(K[ rev_idxs([0,1,3]) ])\n",
    "\n",
    "print \"i = {0,1,4}:\",\n",
    "print np.linalg.det(K[ rev_idxs([0,1,4]) ])\n",
    "\n",
    "print \"i = {0,1,9}:\",\n",
    "print np.linalg.det(K[ rev_idxs([0,1,9]) ])"
   ]
  },
  {
   "cell_type": "markdown",
   "metadata": {},
   "source": [
    "As ensemble $L$, notice that $K$ is not necessarily normalized, as it is also a state of proportionality. Also, $K$ computes a different probability of $L$. $K$ comprises the marginal probabilities of inclusion for subsets $A$, while $L$ specifies atomic probabilities for every possible instantiation of $\\mathbf{Y}$."
   ]
  },
  {
   "cell_type": "markdown",
   "metadata": {},
   "source": [
    "## Dummy sampling algorithm\n",
    "\n",
    "A dummy sampling approach consists of sampling an element a subset/element $A = {i}$ with probability $P(A = \\{i\\})$. After sampling the first element, we recompute the probabilities, but conditioning on the value that was previously sampled. Kulesza et al. presents a better approach based on the eigendecomposition, that we shall see further ahead.\n",
    "\n",
    "In this sampling problem, we shall consider the same example of sampling a set of points $\\{1,2,\\dots,n\\}$ from a 2D grid. Reintroducing the data:"
   ]
  },
  {
   "cell_type": "code",
   "execution_count": 74,
   "metadata": {
    "collapsed": false
   },
   "outputs": [],
   "source": [
    "n = 10 # thus, N = n^2. As I'm sampling from a plane, D = 2\n",
    "sigma = 0.1 \n",
    "grid_points = np.arange(n) / float(n)"
   ]
  },
  {
   "cell_type": "markdown",
   "metadata": {},
   "source": [
    "Defining functions to compute probabilities:"
   ]
  },
  {
   "cell_type": "code",
   "execution_count": 76,
   "metadata": {
    "collapsed": false
   },
   "outputs": [
    {
     "name": "stdout",
     "output_type": "stream",
     "text": [
      "sanity check\n",
      "i = {0,1,2}: 0.345499615504\n",
      "i = {1,2,3}: 0.345499615504\n",
      "\n",
      "sampling distance points in the grid:\n",
      "i = {0,50,99}: 0.999999999986\n",
      "i = {0,33,77}: 0.99999998477\n",
      "i = {0,10,20}: 0.345499615504\n",
      "i = {0,5,10}: 0.63212055882\n",
      "\n",
      "conditional probabilities\n",
      "i = {0,1,2}: 0.345499615504\n",
      "B = {3} | A = {0,1,2}: 3.14657952782e+44\n",
      "B = {4} | A = {0,1,2}: 5.88077261179e+44\n",
      "B = {9} | A = {0,1,2}: 6.0585699045e+44\n",
      "\n",
      "B = {2} | A = {0,1}: 1.14564728473e+44\n",
      "B = {3} | A = {0,1}: 2.04096304113e+44\n",
      "B = {99} | A = {0,50}: 7.08930816958e+43\n"
     ]
    }
   ],
   "source": [
    "from dpp import DPP\n",
    "            \n",
    "dpp_grid = DPP(grid_points)\n",
    "\n",
    "print \"sanity check\"\n",
    "print \"i = {0,1,2}:\", dpp_grid.prob([0,1,2])\n",
    "print \"i = {1,2,3}:\", dpp_grid.prob([1,2,3])\n",
    "print \n",
    "print \"sampling distance points in the grid:\"\n",
    "print \"i = {0,50,99}:\", dpp_grid.prob([0,50,99]) # selecting distant points in the diagonal\n",
    "print \"i = {0,33,77}:\", dpp_grid.prob([0,33,77])\n",
    "print \"i = {0,10,20}:\", dpp_grid.prob([0,10,20])\n",
    "print \"i = {0,5,10}:\", dpp_grid.prob([0,5,10])\n",
    "print\n",
    "print \"conditional probabilities\"\n",
    "print \"i = {0,1,2}:\", dpp_grid.prob([0,1,2])\n",
    "print \"B = {3} | A = {0,1,2}:\", dpp_grid.cond_prob([3], [0,1,2])\n",
    "print \"B = {4} | A = {0,1,2}:\", dpp_grid.cond_prob([4], [0,1,2])\n",
    "print \"B = {9} | A = {0,1,2}:\", dpp_grid.cond_prob([9], [0,1,2])\n",
    "print \n",
    "print \"B = {2} | A = {0,1}:\", dpp_grid.cond_prob([2], [0,1])\n",
    "print \"B = {3} | A = {0,1}:\", dpp_grid.cond_prob([3], [0,1])\n",
    "print \"B = {99} | A = {0,50}:\", dpp_grid.cond_prob([99], [0,50])"
   ]
  },
  {
   "cell_type": "code",
   "execution_count": 77,
   "metadata": {
    "collapsed": false,
    "scrolled": true
   },
   "outputs": [
    {
     "name": "stdout",
     "output_type": "stream",
     "text": [
      "Iteration: 0\n",
      "Y [0, 1, 2, 3, 4, 5, 6, 7, 8, 9, 10, 11, 12, 13, 14, 15, 16, 17, 18, 19, 20, 21, 22, 23, 24, 25, 26, 27, 28, 29, 30, 31, 32, 33, 34, 35, 36, 37, 38, 39, 40, 41, 42, 43, 44, 45, 46, 47, 48, 49, 50, 51, 52, 53, 54, 55, 56, 57, 58, 59, 60, 62, 63, 64, 65, 66, 67, 68, 69, 70, 71, 72, 73, 74, 75, 76, 77, 78, 79, 80, 81, 82, 83, 84, 85, 86, 87, 88, 89, 90, 91, 92, 93, 94, 95, 96, 97, 98, 99]\n",
      "p [ 0.01  0.01  0.01  0.01  0.01  0.01  0.01  0.01  0.01  0.01  0.01  0.01\n",
      "  0.01  0.01  0.01  0.01  0.01  0.01  0.01  0.01  0.01  0.01  0.01  0.01\n",
      "  0.01  0.01  0.01  0.01  0.01  0.01  0.01  0.01  0.01  0.01  0.01  0.01\n",
      "  0.01  0.01  0.01  0.01  0.01  0.01  0.01  0.01  0.01  0.01  0.01  0.01\n",
      "  0.01  0.01  0.01  0.01  0.01  0.01  0.01  0.01  0.01  0.01  0.01  0.01\n",
      "  0.01  0.01  0.01  0.01  0.01  0.01  0.01  0.01  0.01  0.01  0.01  0.01\n",
      "  0.01  0.01  0.01  0.01  0.01  0.01  0.01  0.01  0.01  0.01  0.01  0.01\n",
      "  0.01  0.01  0.01  0.01  0.01  0.01  0.01  0.01  0.01  0.01  0.01  0.01\n",
      "  0.01  0.01  0.01  0.01]\n",
      "s [array([61])]\n",
      "\n",
      "Iteration: 1\n",
      "Y [0, 1, 2, 3, 4, 5, 6, 7, 8, 9, 10, 11, 12, 13, 14, 15, 16, 17, 18, 19, 20, 21, 22, 23, 24, 25, 26, 27, 28, 29, 30, 31, 32, 33, 34, 35, 36, 37, 38, 39, 40, 41, 42, 43, 44, 45, 46, 47, 48, 49, 50, 51, 52, 53, 54, 55, 56, 57, 58, 59, 60, 62, 63, 64, 65, 66, 67, 69, 70, 71, 72, 73, 74, 75, 76, 77, 78, 79, 80, 81, 82, 83, 84, 85, 86, 87, 88, 89, 90, 91, 92, 93, 94, 95, 96, 97, 98, 99]\n",
      "p [ 0.01032094  0.01032094  0.01032094  0.01032094  0.01032094  0.01032094\n",
      "  0.01032094  0.01032094  0.01032094  0.01032094  0.01032094  0.01032094\n",
      "  0.01032094  0.01032094  0.01032094  0.01032094  0.01032094  0.01032094\n",
      "  0.01032094  0.01032094  0.01032093  0.01032093  0.01032093  0.01032094\n",
      "  0.01032094  0.01032094  0.01032094  0.01032094  0.01032094  0.01032094\n",
      "  0.01032047  0.01031966  0.01032047  0.01032091  0.01032094  0.01032094\n",
      "  0.01032094  0.01032094  0.01032094  0.01032094  0.01025139  0.0101319\n",
      "  0.01025139  0.01031747  0.01032091  0.01032094  0.01032094  0.01032094\n",
      "  0.01032094  0.01032094  0.00892415  0.00652408  0.00892415  0.01025139\n",
      "  0.01032047  0.01032093  0.01032094  0.01032094  0.01032094  0.01032094\n",
      "  0.00652408  0.00652408  0.0101319   0.01031966  0.01032093  0.01032094\n",
      "  0.01032094  0.01032094  0.01032094  0.00892415  0.00652408  0.00892415\n",
      "  0.01025139  0.01032047  0.01032093  0.01032094  0.01032094  0.01032094\n",
      "  0.01032094  0.01025139  0.0101319   0.01025139  0.01031747  0.01032091\n",
      "  0.01032094  0.01032094  0.01032094  0.01032094  0.01032094  0.01032047\n",
      "  0.01031966  0.01032047  0.01032091  0.01032094  0.01032094  0.01032094\n",
      "  0.01032094  0.01032094  0.01032094]\n",
      "s [array([61]), array([68])]\n",
      "\n",
      "Iteration: 2\n",
      "Y [0, 1, 2, 3, 4, 5, 6, 7, 8, 9, 10, 11, 12, 13, 14, 15, 16, 17, 18, 19, 20, 21, 22, 23, 24, 25, 26, 27, 28, 29, 30, 31, 32, 33, 34, 35, 36, 37, 38, 39, 40, 41, 42, 43, 44, 45, 46, 47, 48, 49, 50, 51, 52, 53, 54, 55, 56, 57, 58, 59, 60, 62, 63, 64, 65, 66, 67, 69, 70, 71, 72, 73, 74, 75, 76, 77, 78, 79, 80, 81, 82, 83, 84, 85, 86, 87, 88, 90, 91, 92, 93, 94, 95, 96, 97, 98, 99]\n",
      "p [ 0.01066315  0.01066315  0.01066315  0.01066315  0.01066315  0.01066315\n",
      "  0.01066315  0.01066315  0.01066315  0.01066315  0.01066315  0.01066315\n",
      "  0.01066315  0.01066315  0.01066315  0.01066315  0.01066315  0.01066315\n",
      "  0.01066315  0.01066315  0.01066315  0.01066315  0.01066315  0.01066315\n",
      "  0.01066315  0.01066315  0.01066315  0.01066315  0.01066315  0.01066315\n",
      "  0.01066267  0.01066184  0.01066267  0.01066313  0.01066315  0.01066315\n",
      "  0.01066313  0.01066267  0.01066184  0.01066267  0.01059131  0.01046785\n",
      "  0.01059131  0.01065958  0.01066313  0.01066313  0.01065958  0.01059131\n",
      "  0.01046785  0.01059131  0.00922005  0.0067404   0.00922005  0.01059131\n",
      "  0.01066267  0.01066267  0.01059131  0.00922005  0.0067404   0.00922005\n",
      "  0.0067404   0.0067404   0.01046785  0.01066184  0.01066184  0.01046785\n",
      "  0.0067404   0.0067404   0.00922005  0.0067404   0.00922005  0.01059131\n",
      "  0.01066267  0.01066267  0.01059131  0.00922005  0.0067404   0.00922005\n",
      "  0.01059131  0.01046785  0.01059131  0.01065958  0.01066313  0.01066313\n",
      "  0.01065958  0.01059131  0.01046785  0.01059131  0.01066267  0.01066184\n",
      "  0.01066267  0.01066313  0.01066315  0.01066315  0.01066313  0.01066267\n",
      "  0.01066184  0.01066267]\n",
      "s [array([61]), array([68]), array([89])]\n",
      "\n",
      "Iteration: 3\n",
      "Y [0, 2, 3, 4, 5, 6, 7, 8, 9, 10, 11, 12, 13, 14, 15, 16, 17, 18, 19, 20, 21, 22, 23, 24, 25, 26, 27, 28, 29, 30, 31, 32, 33, 34, 35, 36, 37, 38, 39, 40, 41, 42, 43, 44, 45, 46, 47, 48, 49, 50, 51, 52, 53, 54, 55, 56, 57, 58, 59, 60, 62, 63, 64, 65, 66, 67, 69, 70, 71, 72, 73, 74, 75, 76, 77, 78, 79, 80, 81, 82, 83, 84, 85, 86, 87, 88, 90, 91, 92, 93, 94, 95, 96, 97, 98, 99]\n",
      "p [ 0.0109348   0.0109348   0.0109348   0.0109348   0.0109348   0.0109348\n",
      "  0.0109348   0.0109348   0.0109348   0.0109348   0.0109348   0.0109348\n",
      "  0.0109348   0.0109348   0.0109348   0.0109348   0.0109348   0.0109348\n",
      "  0.0109348   0.0109348   0.0109348   0.0109348   0.0109348   0.0109348\n",
      "  0.0109348   0.0109348   0.0109348   0.0109348   0.0109348   0.0109348\n",
      "  0.0109343   0.01093345  0.0109343   0.01093477  0.0109348   0.0109348\n",
      "  0.01093477  0.0109343   0.01093344  0.0109343   0.01086112  0.01073452\n",
      "  0.01086112  0.01093113  0.01093477  0.01093477  0.0109311   0.01086063\n",
      "  0.01073321  0.01086067  0.00945493  0.00691211  0.00945493  0.01086112\n",
      "  0.0109343   0.0109343   0.01086064  0.00944587  0.00689171  0.00945092\n",
      "  0.00691211  0.00691211  0.01073452  0.01093345  0.01093344  0.0107335\n",
      "  0.00690121  0.00683154  0.00945493  0.00691211  0.00945493  0.01086112\n",
      "  0.0109343   0.0109343   0.01086112  0.00942529  0.00579819  0.00579819\n",
      "  0.01086112  0.01073452  0.01086112  0.01093113  0.01093477  0.01093477\n",
      "  0.01093011  0.01067906  0.00683154  0.0109343   0.01093345  0.0109343\n",
      "  0.01093477  0.0109348   0.0109348   0.01093429  0.01086112  0.00945092\n",
      "  0.00689171]\n",
      "s [array([61]), array([68]), array([89]), array([1])]\n",
      "\n",
      "Iteration: 4\n",
      "Y [0, 2, 3, 4, 5, 6, 7, 8, 9, 10, 11, 12, 13, 14, 15, 16, 17, 18, 19, 20, 21, 22, 23, 24, 25, 26, 27, 28, 29, 30, 31, 33, 34, 35, 36, 37, 38, 39, 40, 41, 42, 43, 44, 45, 46, 47, 48, 49, 50, 51, 52, 53, 54, 55, 56, 57, 58, 59, 60, 62, 63, 64, 65, 66, 67, 69, 70, 71, 72, 73, 74, 75, 76, 77, 78, 79, 80, 81, 82, 83, 84, 85, 86, 87, 88, 90, 91, 92, 93, 94, 95, 96, 97, 98, 99]\n",
      "p [ 0.00710094  0.00710094  0.01102777  0.01123213  0.01123352  0.01123352\n",
      "  0.01123352  0.01123352  0.01123352  0.00971323  0.00710094  0.00971323\n",
      "  0.01115783  0.01123301  0.01123352  0.01123352  0.01123352  0.01123352\n",
      "  0.01123352  0.01115783  0.01102777  0.01115783  0.01122975  0.01123349\n",
      "  0.01123352  0.01123352  0.01123352  0.01123352  0.01123352  0.0112325\n",
      "  0.01123075  0.0112325   0.01123347  0.01123352  0.01123352  0.01123349\n",
      "  0.01123301  0.01123212  0.01123301  0.01115783  0.01102777  0.01115783\n",
      "  0.01122975  0.01123349  0.01123349  0.01122973  0.01115732  0.01102643\n",
      "  0.01115737  0.00971323  0.00710094  0.00971323  0.01115783  0.01123301\n",
      "  0.01123301  0.01115733  0.00970392  0.00707998  0.00970911  0.00710094\n",
      "  0.00710094  0.01102777  0.01123213  0.01123212  0.01102673  0.00708974\n",
      "  0.00701817  0.00971323  0.00710094  0.00971323  0.01115783  0.01123301\n",
      "  0.01123301  0.01115783  0.00968278  0.00595659  0.00595659  0.01115783\n",
      "  0.01102777  0.01115783  0.01122975  0.01123349  0.01123349  0.01122871\n",
      "  0.0109708   0.00701817  0.01123301  0.01123213  0.01123301  0.01123349\n",
      "  0.01123352  0.01123352  0.011233    0.01115783  0.00970911  0.00707998]\n",
      "s [array([61]), array([68]), array([89]), array([1]), array([32])]\n",
      "\n",
      "Iteration: 5\n",
      "Y [0, 2, 3, 4, 5, 6, 7, 8, 9, 10, 11, 12, 13, 14, 15, 16, 17, 18, 19, 20, 21, 22, 23, 24, 25, 26, 27, 28, 29, 30, 31, 33, 34, 35, 36, 37, 38, 39, 40, 41, 42, 43, 44, 45, 46, 47, 48, 49, 50, 51, 52, 53, 54, 55, 56, 57, 58, 59, 60, 62, 63, 64, 65, 66, 67, 69, 70, 71, 72, 73, 74, 75, 76, 77, 78, 79, 80, 81, 82, 83, 84, 85, 86, 87, 88, 90, 91, 92, 93, 94, 96, 97, 98, 99]\n",
      "p [ 0.00736012  0.00735962  0.01143     0.0116422   0.01164366  0.01164366\n",
      "  0.01164366  0.01164366  0.01164366  0.01006494  0.00728935  0.00986232\n",
      "  0.0114878   0.01163924  0.01164363  0.01164366  0.01164366  0.01164366\n",
      "  0.01164366  0.0114878   0.00986228  0.00728918  0.01006487  0.01156519\n",
      "  0.01164313  0.01164366  0.01164366  0.01164366  0.01164366  0.01142961\n",
      "  0.00735905  0.00736004  0.01143038  0.01164222  0.01164363  0.01164313\n",
      "  0.01164221  0.01164313  0.0114878   0.00986228  0.00728918  0.01006487\n",
      "  0.01156519  0.0116431   0.01163972  0.01156468  0.011429    0.01156472\n",
      "  0.01006494  0.00728935  0.00986232  0.0114878   0.01163924  0.0116431\n",
      "  0.01156469  0.01005821  0.00733847  0.01006359  0.00736012  0.00735962\n",
      "  0.01143     0.0116422   0.01164221  0.01142931  0.00734858  0.0072744\n",
      "  0.01006779  0.00736002  0.01006781  0.0115652   0.01164313  0.01164313\n",
      "  0.0115652   0.0100363   0.00617407  0.00617407  0.0115652   0.01143039\n",
      "  0.0115652   0.01163975  0.01164363  0.01164363  0.01163867  0.01137134\n",
      "  0.0072744   0.01164313  0.01164222  0.01164313  0.01164363  0.01164366\n",
      "  0.01164366  0.01164312  0.0115652   0.01006359  0.00733847]\n",
      "s [array([61]), array([68]), array([89]), array([1]), array([32]), array([95])]\n",
      "\n",
      "Iteration: 6\n",
      "Y [0, 2, 3, 4, 5, 6, 7, 8, 9, 10, 11, 12, 13, 14, 15, 16, 17, 18, 19, 20, 21, 22, 23, 24, 25, 26, 27, 28, 29, 30, 31, 33, 34, 35, 36, 37, 38, 39, 40, 41, 42, 43, 44, 45, 46, 47, 48, 49, 50, 51, 52, 53, 54, 55, 56, 57, 58, 59, 60, 62, 63, 64, 65, 66, 67, 69, 70, 71, 72, 73, 74, 75, 76, 78, 79, 80, 81, 82, 83, 84, 85, 86, 87, 88, 90, 91, 92, 93, 94, 96, 97, 98, 99]\n",
      "p [ 0.00757692  0.00757641  0.01176668  0.01198513  0.01198663  0.01198663\n",
      "  0.01198663  0.01198663  0.01198663  0.01036141  0.00750407  0.01015283\n",
      "  0.01182618  0.01198209  0.01198661  0.01198663  0.01198663  0.01198663\n",
      "  0.01198663  0.01182618  0.01015278  0.00750389  0.01036134  0.01190585\n",
      "  0.01198609  0.01198663  0.01198663  0.01198663  0.01198663  0.01176628\n",
      "  0.00757582  0.00757684  0.01176708  0.01198516  0.01198661  0.01198609\n",
      "  0.01198515  0.01198609  0.01182618  0.01015278  0.00750389  0.01036134\n",
      "  0.01190585  0.01198606  0.01198259  0.01190533  0.01176566  0.01190537\n",
      "  0.01036141  0.00750407  0.01015283  0.01182618  0.01198209  0.01198606\n",
      "  0.01190534  0.01035448  0.00755463  0.01036002  0.00757692  0.00757641\n",
      "  0.01176666  0.01198459  0.01198367  0.01176544  0.00756502  0.00748868\n",
      "  0.01036435  0.00757682  0.01036434  0.01190185  0.01190532  0.01176655\n",
      "  0.01182512  0.01032793  0.00635591  0.00635593  0.01190587  0.01176708\n",
      "  0.01190532  0.01190185  0.01036439  0.00757697  0.01035932  0.0116256\n",
      "  0.00748816  0.01198609  0.01198515  0.01198461  0.01176706  0.007577\n",
      "  0.00757646  0.01168638  0.01035856  0.00755463]\n",
      "s [array([61]), array([68]), array([89]), array([1]), array([32]), array([95]), array([77])]\n",
      "\n",
      "Iteration: 7\n",
      "Y [0, 2, 3, 4, 5, 6, 7, 8, 9, 10, 11, 12, 13, 14, 15, 16, 17, 18, 19, 20, 21, 22, 23, 24, 25, 26, 27, 28, 29, 30, 31, 33, 34, 35, 36, 37, 38, 39, 40, 41, 42, 44, 45, 46, 47, 48, 49, 50, 51, 52, 53, 54, 55, 56, 57, 58, 59, 60, 62, 63, 64, 65, 66, 67, 69, 70, 71, 72, 73, 74, 75, 76, 78, 79, 80, 81, 82, 83, 84, 85, 86, 87, 88, 90, 91, 92, 93, 94, 96, 97, 98, 99]\n",
      "p [ 0.00780503  0.00780451  0.01212094  0.01234596  0.01234751  0.01234751\n",
      "  0.01234751  0.01234751  0.01234751  0.01067336  0.00772999  0.01045849\n",
      "  0.01218223  0.01234283  0.01234748  0.01234751  0.01234751  0.01234751\n",
      "  0.01234751  0.01218223  0.01045845  0.00772981  0.01067329  0.0122643\n",
      "  0.01234695  0.01234751  0.01234751  0.01234751  0.01234751  0.01212052\n",
      "  0.0078039   0.00780495  0.01212134  0.01234599  0.01234748  0.01234688\n",
      "  0.01234576  0.01234686  0.01218223  0.01045845  0.00772981  0.01067329\n",
      "  0.0122643   0.01234691  0.01234334  0.01225872  0.01209402  0.01225228\n",
      "  0.01067336  0.00772999  0.01045849  0.01218223  0.0123428   0.01234331\n",
      "  0.01222468  0.01066619  0.00750601  0.01047902  0.00780503  0.00780451\n",
      "  0.01212091  0.01234479  0.01225762  0.01066619  0.00566843  0.0074107\n",
      "  0.01067638  0.00780493  0.01067637  0.01226017  0.01226245  0.0118771\n",
      "  0.00744582  0.00461963  0.0065343   0.01226431  0.01212135  0.01226375\n",
      "  0.01226015  0.01067643  0.00773397  0.00887614  0.00735032  0.0065343\n",
      "  0.01234695  0.01234598  0.01234542  0.01212124  0.0078038   0.00773412\n",
      "  0.01181025  0.01062117  0.00777849]\n",
      "s [array([61]), array([68]), array([89]), array([1]), array([32]), array([95]), array([77]), array([43])]\n",
      "\n",
      "Iteration: 8\n",
      "Y [0, 2, 3, 4, 5, 6, 7, 8, 9, 10, 11, 12, 13, 14, 15, 16, 17, 18, 19, 20, 21, 22, 23, 24, 25, 27, 28, 29, 30, 31, 33, 34, 35, 36, 37, 38, 39, 40, 41, 42, 44, 45, 46, 47, 48, 49, 50, 51, 52, 53, 54, 55, 56, 57, 58, 59, 60, 62, 63, 64, 65, 66, 67, 69, 70, 71, 72, 73, 74, 75, 76, 78, 79, 80, 81, 82, 83, 84, 85, 86, 87, 88, 90, 91, 92, 93, 94, 96, 97, 98, 99]\n",
      "p [ 0.00805302  0.0080524   0.01250602  0.01273824  0.01273984  0.01273984\n",
      "  0.01273984  0.01273984  0.01273984  0.01101201  0.00796469  0.01076463\n",
      "  0.01256405  0.01273501  0.0127398   0.01273984  0.01273984  0.01273984\n",
      "  0.01273984  0.01255734  0.01059016  0.00768326  0.01101242  0.01261429\n",
      "  0.01273557  0.01273981  0.01273984  0.01273984  0.01273984  0.01247823\n",
      "  0.00775827  0.00588609  0.01101513  0.0126486   0.01273916  0.01273919\n",
      "  0.01273804  0.01273917  0.01256319  0.01079069  0.005823    0.00775881\n",
      "  0.01247908  0.01273374  0.01264823  0.0124783   0.01264158  0.011012\n",
      "  0.00794925  0.00935356  0.00769579  0.01081389  0.01263754  0.01261244\n",
      "  0.0110051   0.00774451  0.01081198  0.00805193  0.00798355  0.01225422\n",
      "  0.01263949  0.01264218  0.01100506  0.00584854  0.00764617  0.01101513\n",
      "  0.00805194  0.01101559  0.01264833  0.01265143  0.01225446  0.0076824\n",
      "  0.00476642  0.00674192  0.01265397  0.01250643  0.0126534   0.0126497\n",
      "  0.01101566  0.00797971  0.00915818  0.00758387  0.00674192  0.01273926\n",
      "  0.01273827  0.01273769  0.01250639  0.00805176  0.00797987  0.01218551\n",
      "  0.01095865  0.00802564]\n",
      "s [array([61]), array([68]), array([89]), array([1]), array([32]), array([95]), array([77]), array([43]), array([26])]\n",
      "\n",
      "Iteration: 9\n",
      "Y [0, 2, 3, 4, 5, 6, 7, 8, 9, 10, 11, 12, 13, 14, 15, 16, 17, 18, 19, 20, 21, 22, 23, 24, 25, 27, 28, 29, 30, 31, 33, 34, 35, 36, 37, 38, 39, 40, 41, 44, 45, 46, 47, 48, 49, 50, 51, 52, 53, 54, 55, 56, 57, 58, 59, 60, 62, 63, 64, 65, 66, 67, 69, 70, 71, 72, 73, 74, 75, 76, 78, 79, 80, 81, 82, 83, 84, 85, 86, 87, 88, 90, 91, 92, 93, 94, 96, 97, 98, 99]\n",
      "p [ 0.00838877  0.00838813  0.01302741  0.01326489  0.01318158  0.01302794\n",
      "  0.01318158  0.01326655  0.01327097  0.01147114  0.00829676  0.01121344\n",
      "  0.01308728  0.01317656  0.01147494  0.00838887  0.01147497  0.01318158\n",
      "  0.0132704   0.0130809   0.0110317   0.0080036   0.01146995  0.01289752\n",
      "  0.00838485  0.00838886  0.01302794  0.01326937  0.01299848  0.00808174\n",
      "  0.00613103  0.01138617  0.0113812   0.00838834  0.0114743   0.01317971\n",
      "  0.01326971  0.01308698  0.01124059  0.00606577  0.00807831  0.01291043\n",
      "  0.01302165  0.01308617  0.01299411  0.01316862  0.01147112  0.00828067\n",
      "  0.00974354  0.00801664  0.01126474  0.01316386  0.01313666  0.01146333\n",
      "  0.00806737  0.01126277  0.00838764  0.00831641  0.01276514  0.01316647\n",
      "  0.01316927  0.0114639   0.00609238  0.00796496  0.01147439  0.00838765\n",
      "  0.01147487  0.01317568  0.01317891  0.01276538  0.00800271  0.00496514\n",
