{
 "cells": [
  {
   "cell_type": "markdown",
   "metadata": {},
   "source": [
    "# Determinantal Point Process in Python\n",
    "\n",
    "First, let's start the environment."
   ]
  },
  {
   "cell_type": "code",
   "execution_count": 1,
   "metadata": {
    "collapsed": false
   },
   "outputs": [
    {
     "name": "stdout",
     "output_type": "stream",
     "text": [
      "The autoreload extension is already loaded. To reload it, use:\n",
      "  %reload_ext autoreload\n"
     ]
    }
   ],
   "source": [
    "import numpy as np\n",
    "import matplotlib.pyplot as plt\n",
    "\n",
    "# This is a bit of magic to make matplotlib figures appear inline in the notebook\n",
    "# rather than in a new window.\n",
    "%matplotlib inline\n",
    "plt.rcParams['figure.figsize'] = (10.0, 8.0) # set default size of plots\n",
    "plt.rcParams['image.interpolation'] = 'nearest'\n",
    "plt.rcParams['image.cmap'] = 'gray'\n",
    "\n",
    "# Some more magic so that the notebook will reload external python modules;\n",
    "# see http://stackoverflow.com/questions/1907993/autoreload-of-modules-in-ipython\n",
    "%load_ext autoreload\n",
    "%autoreload 2"
   ]
  },
  {
   "cell_type": "markdown",
   "metadata": {},
   "source": [
    "# Questions\n",
    "\n",
    "1. How do I define a $L$ kernel? Can it be defined through $B^T B$?\n",
    "2. The kernel $K$ can be seen as a cumulative function of $L$, since it computes $P_K(A \\subseteq \\mathbf{Y})$ instead of $P_L(\\mathbf{Y} = A)$?"
   ]
  },
  {
   "cell_type": "code",
   "execution_count": 2,
   "metadata": {
    "collapsed": false
   },
   "outputs": [
    {
     "name": "stdout",
     "output_type": "stream",
     "text": [
      "[[0]\n",
      " [1]\n",
      " [2]\n",
      " [3]\n",
      " [4]\n",
      " [5]\n",
      " [6]\n",
      " [7]\n",
      " [8]\n",
      " [9]]\n",
      "[0 1 2 3 4 5 6 7 8 9]\n",
      "[[ 0 -1 -2 -3 -4 -5 -6 -7 -8 -9]\n",
      " [ 1  0 -1 -2 -3 -4 -5 -6 -7 -8]\n",
      " [ 2  1  0 -1 -2 -3 -4 -5 -6 -7]\n",
      " [ 3  2  1  0 -1 -2 -3 -4 -5 -6]\n",
      " [ 4  3  2  1  0 -1 -2 -3 -4 -5]\n",
      " [ 5  4  3  2  1  0 -1 -2 -3 -4]\n",
      " [ 6  5  4  3  2  1  0 -1 -2 -3]\n",
      " [ 7  6  5  4  3  2  1  0 -1 -2]\n",
      " [ 8  7  6  5  4  3  2  1  0 -1]\n",
      " [ 9  8  7  6  5  4  3  2  1  0]]\n",
      "\n",
      "[[0 0 0 0 0 0 0 0 0 0]\n",
      " [1 1 1 1 1 1 1 1 1 1]\n",
      " [2 2 2 2 2 2 2 2 2 2]\n",
      " [3 3 3 3 3 3 3 3 3 3]\n",
      " [4 4 4 4 4 4 4 4 4 4]\n",
      " [5 5 5 5 5 5 5 5 5 5]\n",
      " [6 6 6 6 6 6 6 6 6 6]\n",
      " [7 7 7 7 7 7 7 7 7 7]\n",
      " [8 8 8 8 8 8 8 8 8 8]\n",
      " [9 9 9 9 9 9 9 9 9 9]]\n",
      "[[0 1 2 3 4 5 6 7 8 9]\n",
      " [0 1 2 3 4 5 6 7 8 9]\n",
      " [0 1 2 3 4 5 6 7 8 9]\n",
      " [0 1 2 3 4 5 6 7 8 9]\n",
      " [0 1 2 3 4 5 6 7 8 9]\n",
      " [0 1 2 3 4 5 6 7 8 9]\n",
      " [0 1 2 3 4 5 6 7 8 9]\n",
      " [0 1 2 3 4 5 6 7 8 9]\n",
      " [0 1 2 3 4 5 6 7 8 9]\n",
      " [0 1 2 3 4 5 6 7 8 9]]\n",
      "[[ 0 -1 -2 -3 -4 -5 -6 -7 -8 -9]\n",
      " [ 1  0 -1 -2 -3 -4 -5 -6 -7 -8]\n",
      " [ 2  1  0 -1 -2 -3 -4 -5 -6 -7]\n",
      " [ 3  2  1  0 -1 -2 -3 -4 -5 -6]\n",
      " [ 4  3  2  1  0 -1 -2 -3 -4 -5]\n",
      " [ 5  4  3  2  1  0 -1 -2 -3 -4]\n",
      " [ 6  5  4  3  2  1  0 -1 -2 -3]\n",
      " [ 7  6  5  4  3  2  1  0 -1 -2]\n",
      " [ 8  7  6  5  4  3  2  1  0 -1]\n",
      " [ 9  8  7  6  5  4  3  2  1  0]]\n"
     ]
    }
   ],
   "source": [
    "# Understanding broadcasting, used by Kulesza in the MATLAB code (bsxfun)\n",
    "A = np.arange(0,10) \n",
    "print A[np.newaxis].T\n",
    "print A\n",
    "print A[np.newaxis].T - A\n",
    "# You're taking the first elem, say [0], you fill it until it reaches the same rank of A, then you subtract [0] by\n",
    "# every element in A\n",
    "\n",
    "# it's like I stacked A[np.newaxis].T until it had 9 dims\n",
    "print \"\"\n",
    "print np.tile(A[np.newaxis].T, (1,10))\n",
    "print np.tile(A, (10,1)) \n",
    "print np.tile(A[np.newaxis].T, (1,10)) - np.tile(A, (10,1))"
   ]
  },
  {
   "cell_type": "code",
   "execution_count": 3,
   "metadata": {
    "collapsed": false,
    "scrolled": false
   },
   "outputs": [
    {
     "name": "stdout",
     "output_type": "stream",
     "text": [
      "\n",
      "(xx - xx.T):\n",
      "[[ 0.  -0.1 -0.2 ..., -0.7 -0.8 -0.9]\n",
      " [ 0.1  0.  -0.1 ..., -0.6 -0.7 -0.8]\n",
      " [ 0.2  0.1  0.  ..., -0.5 -0.6 -0.7]\n",
      " ..., \n",
      " [ 0.7  0.6  0.5 ...,  0.  -0.1 -0.2]\n",
      " [ 0.8  0.7  0.6 ...,  0.1  0.  -0.1]\n",
      " [ 0.9  0.8  0.7 ...,  0.2  0.1  0. ]]\n",
      "\n",
      "(xx - xx.T)**2:\n",
      "[[ 0.    0.01  0.04 ...,  0.49  0.64  0.81]\n",
      " [ 0.01  0.    0.01 ...,  0.36  0.49  0.64]\n",
      " [ 0.04  0.01  0.   ...,  0.25  0.36  0.49]\n",
      " ..., \n",
      " [ 0.49  0.36  0.25 ...,  0.    0.01  0.04]\n",
      " [ 0.64  0.49  0.36 ...,  0.01  0.    0.01]\n",
      " [ 0.81  0.64  0.49 ...,  0.04  0.01  0.  ]]\n",
      "\n",
      "(xx - xx.T)**2 + (yy - yy.T)**2:\n",
      "[[ 0.    0.01  0.04 ...,  1.3   1.45  1.62]\n",
      " [ 0.01  0.    0.01 ...,  1.17  1.3   1.45]\n",
      " [ 0.04  0.01  0.   ...,  1.06  1.17  1.3 ]\n",
      " ..., \n",
      " [ 1.3   1.17  1.06 ...,  0.    0.01  0.04]\n",
      " [ 1.45  1.3   1.17 ...,  0.01  0.    0.01]\n",
      " [ 1.62  1.45  1.3  ...,  0.04  0.01  0.  ]]\n",
      "\n",
      "np.exp((xx - xx.T)**2 + (yy - yy.T)**2):\n",
      "[[ 1.          1.01005017  1.04081077 ...,  3.66929667  4.26311452\n",
      "   5.05309032]\n",
      " [ 1.01005017  1.          1.01005017 ...,  3.22199264  3.66929667\n",
      "   4.26311452]\n",
      " [ 1.04081077  1.01005017  1.         ...,  2.88637099  3.22199264\n",
      "   3.66929667]\n",
      " ..., \n",
      " [ 3.66929667  3.22199264  2.88637099 ...,  1.          1.01005017\n",
      "   1.04081077]\n",
      " [ 4.26311452  3.66929667  3.22199264 ...,  1.01005017  1.          1.01005017]\n",
      " [ 5.05309032  4.26311452  3.66929667 ...,  1.04081077  1.01005017  1.        ]]\n",
      "\n",
      "np.exp(-0.5 * ((xx - xx.T)**2 + (yy - yy.T)**2)):\n",
      "[[ 1.          0.99501248  0.98019867 ...,  0.52204578  0.48432457\n",
      "   0.44485807]\n",
      " [ 0.99501248  1.          0.99501248 ...,  0.55710586  0.52204578\n",
      "   0.48432457]\n",
      " [ 0.98019867  0.99501248  1.         ...,  0.58860497  0.55710586\n",
      "   0.52204578]\n",
      " ..., \n",
      " [ 0.52204578  0.55710586  0.58860497 ...,  1.          0.99501248\n",
      "   0.98019867]\n",
      " [ 0.48432457  0.52204578  0.55710586 ...,  0.99501248  1.          0.99501248]\n",
      " [ 0.44485807  0.48432457  0.52204578 ...,  0.98019867  0.99501248  1.        ]]\n",
      "\n",
      "np.exp(-0.5 * ((xx - xx.T)**2 + (yy - yy.T)**2) / sigma**2):\n",
      "[[  1.00000000e+00   6.06530660e-01   1.35335283e-01 ...,   5.90009054e-29\n",
      "    3.26324786e-32   6.63967720e-36]\n",
      " [  6.06530660e-01   1.00000000e+00   6.06530660e-01 ...,   3.92439586e-26\n",
      "    5.90009054e-29   3.26324786e-32]\n",
      " [  1.35335283e-01   6.06530660e-01   1.00000000e+00 ...,   9.60268005e-24\n",
      "    3.92439586e-26   5.90009054e-29]\n",
      " ..., \n",
      " [  5.90009054e-29   3.92439586e-26   9.60268005e-24 ...,   1.00000000e+00\n",
      "    6.06530660e-01   1.35335283e-01]\n",
      " [  3.26324786e-32   5.90009054e-29   3.92439586e-26 ...,   6.06530660e-01\n",
      "    1.00000000e+00   6.06530660e-01]\n",
      " [  6.63967720e-36   3.26324786e-32   5.90009054e-29 ...,   1.35335283e-01\n",
      "    6.06530660e-01   1.00000000e+00]]\n"
     ]
    }
   ],
   "source": [
    "n = 10 # thus, N = n^2. As I'm sampling from a plane, D = 2\n",
    "sigma = 0.1 \n",
    "grid_points = np.arange(n) / float(n)\n",
    "xx, yy = np.meshgrid(grid_points, grid_points) # every possibility in the grid\n",
    "\n",
    "xx = xx.flatten()[np.newaxis].T\n",
    "yy = yy.flatten()[np.newaxis].T\n",
    "\n",
    "print \"\\n(xx - xx.T):\\n\", (xx - xx.T)\n",
    "print \"\\n(xx - xx.T)**2:\\n\",(xx - xx.T)**2 \n",
    "print \"\\n(xx - xx.T)**2 + (yy - yy.T)**2:\\n\", (xx - xx.T)**2 + (yy - yy.T)**2 \n",
    "print \"\\nnp.exp((xx - xx.T)**2 + (yy - yy.T)**2):\\n\", np.exp((xx - xx.T)**2 + (yy - yy.T)**2)\n",
    "print \"\\nnp.exp(-0.5 * ((xx - xx.T)**2 + (yy - yy.T)**2)):\\n\", np.exp(-0.5 * ((xx - xx.T)**2 + (yy - yy.T)**2))\n",
    "print \"\\nnp.exp(-0.5 * ((xx - xx.T)**2 + (yy - yy.T)**2) / sigma**2):\\n\", np.exp(-0.5 * ((xx - xx.T)**2 + (yy - yy.T)**2) / sigma**2)\n",
    "L = np.exp(-0.5 * ((xx - xx.T)**2 + (yy - yy.T)**2) / sigma**2)"
   ]
  },
  {
   "cell_type": "code",
   "execution_count": 4,
   "metadata": {
    "collapsed": false
   },
   "outputs": [
    {
     "name": "stdout",
     "output_type": "stream",
     "text": [
      "the pair (xx[i], yy[i]) contains every possible grid configuration\n",
      "xx: (100, 1)\n",
      "yy: (100, 1)\n",
      "L: (100, 100)\n"
     ]
    }
   ],
   "source": [
    "print \"the pair (xx[i], yy[i]) contains every possible grid configuration\"\n",
    "print \"xx:\", xx.shape\n",
    "print \"yy:\", yy.shape\n",
    "print \"L:\", L.shape"
   ]
  },
  {
   "cell_type": "markdown",
   "metadata": {},
   "source": [
    "Mapping indices position to every point in the grid"
   ]
  },
  {
   "cell_type": "code",
   "execution_count": 5,
   "metadata": {
    "collapsed": false
   },
   "outputs": [
    {
     "name": "stdout",
     "output_type": "stream",
     "text": [
      "[[ 0.   0. ]\n",
      " [ 0.5  0. ]\n",
      " [ 0.5  0.5]\n",
      " [ 0.9  0.9]]\n",
      "[ 0.  0.]\n"
     ]
    }
   ],
   "source": [
    "#idx_to_point = { i: point for i, point in enumerate(zip(xx,yy)) }\n",
    "#print idx_to_point[0][0][0]\n",
    "\n",
    "idx_to_point = np.hstack((xx, yy))\n",
    "point_to_idx = { tuple(point): i for i, point in enumerate(idx_to_point) }\n",
    "\n",
    "print idx_to_point[[0,5,55,99]]\n",
    "print idx_to_point[0]\n",
    "\n",
    "# can't convert floating points to indices\n",
    "#print point_to_idx[(1,0)]\n",
    "#print point_to_idx"
   ]
  },
  {
   "cell_type": "markdown",
   "metadata": {},
   "source": [
    "## Computing probabilities using the ensemble kernel $L$\n",
    "\n",
    "First, computing individual probabilities."
   ]
  },
  {
   "cell_type": "code",
   "execution_count": 6,
   "metadata": {
    "collapsed": false
   },
   "outputs": [
    {
     "name": "stdout",
     "output_type": "stream",
     "text": [
      "Pr(Y = 0) = 1.0\n",
      "Pr(Y = 1) = 1.0\n"
     ]
    }
   ],
   "source": [
    "# Computing some probabilities using L-ensembles\n",
    "\n",
    "# computing the probability of a singleton {i}, i.e., a set containing a single element\n",
    "# np.linalg.det(L[0,0])\n",
    "print \"Pr(Y = 0) =\", L[0,0]\n",
    "print \"Pr(Y = 1) =\", L[1,1]"
   ]
  },
  {
   "cell_type": "markdown",
   "metadata": {},
   "source": [
    "Probabilities of more elements."
   ]
  },
  {
   "cell_type": "code",
   "execution_count": 7,
   "metadata": {
    "collapsed": false
   },
   "outputs": [
    {
     "name": "stdout",
     "output_type": "stream",
     "text": [
      "probability of selecting elements (0,0) and (1,0) in the grid\n",
      "[[ 1.          0.60653066]\n",
      " [ 0.60653066  1.        ]]\n",
      "0.632120558829\n",
      "by hand: 0.63212055848\n",
      "\n",
      "probability of selecting elements (0,0),(1,0),(2,0) in the grid\n",
      "[[ 1.          0.60653066  0.13533528]\n",
      " [ 0.60653066  1.          0.60653066]\n",
      " [ 0.13533528  0.60653066  1.        ]]\n",
      "0.345499615504\n",
      "\n",
      "probability of including all points\n",
      "\n",
      "[[  1.00000000e+00   6.06530660e-01   1.35335283e-01 ...,   5.90009054e-29\n",
      "    3.26324786e-32   6.63967720e-36]\n",
      " [  6.06530660e-01   1.00000000e+00   6.06530660e-01 ...,   3.92439586e-26\n",
      "    5.90009054e-29   3.26324786e-32]\n",
      " [  1.35335283e-01   6.06530660e-01   1.00000000e+00 ...,   9.60268005e-24\n",
      "    3.92439586e-26   5.90009054e-29]\n",
      " ..., \n",
      " [  5.90009054e-29   3.92439586e-26   9.60268005e-24 ...,   1.00000000e+00\n",
      "    6.06530660e-01   1.35335283e-01]\n",
      " [  3.26324786e-32   5.90009054e-29   3.92439586e-26 ...,   6.06530660e-01\n",
      "    1.00000000e+00   6.06530660e-01]\n",
      " [  6.63967720e-36   3.26324786e-32   5.90009054e-29 ...,   1.35335283e-01\n",
      "    6.06530660e-01   1.00000000e+00]]\n",
      "3.6363232855e-51\n"
     ]
    }
   ],
   "source": [
    "print \"probability of selecting elements (0,0) and (1,0) in the grid\"\n",
    "print L[0:2, 0:2]\n",
    "print np.linalg.det(L[0:2, 0:2])\n",
    "print \"by hand:\", 1*1 - 0.60653066**2\n",
    "print \n",
    "print \"probability of selecting elements (0,0),(1,0),(2,0) in the grid\"\n",
    "print L[0:3, 0:3]\n",
    "print np.linalg.det(L[0:3, 0:3])\n",
    "print\n",
    "print \"probability of including all points\"\n",
    "print \"\\n\", L\n",
    "print np.linalg.det(L)\n",
    "\n",
    "#print \"\\n\", L[3, 3]\n",
    "#print np.linalg.det(L[0:3, 0:3])\n"
   ]
  },
  {
   "cell_type": "code",
   "execution_count": 8,
   "metadata": {
    "collapsed": false
   },
   "outputs": [
    {
     "name": "stdout",
     "output_type": "stream",
     "text": [
      "[[1 2 3 1]\n",
      " [4 5 6 2]\n",
      " [7 8 9 3]\n",
      " [0 0 0 4]]\n"
     ]
    },
    {
     "data": {
      "text/plain": [
       "array([[1, 3, 1],\n",
       "       [7, 9, 3],\n",
       "       [0, 0, 4]])"
      ]
     },
     "execution_count": 8,
     "metadata": {},
     "output_type": "execute_result"
    }
   ],
   "source": [
    "# taking all but one column trick\n",
    "A = np.array([[1,2,3,1],[4,5,6,2],[7,8,9,3],[0,0,0,4]])\n",
    "print A\n",
    "A[ [[0],[2],[3]] , [0,2,3] ]"
   ]
  },
  {
   "cell_type": "code",
   "execution_count": 9,
   "metadata": {
    "collapsed": false
   },
   "outputs": [
    {
     "name": "stdout",
     "output_type": "stream",
     "text": [
      "i = {0,1,2}: 0.345499615504\n",
      "i = {0,1,3}: 0.615505274067\n",
      "i = {0,1,4}: 0.632001557148\n",
      "i = {0,1,9}: 0.632120558829\n",
      "\n",
      "As expected, the set {0,1,2} has lower probability than other sets with more distant numbers, such as {0,1,3}, {0,1,9}\n"
     ]
    }
   ],
   "source": [
    "print \"i = {0,1,2}:\", \n",
    "#print L[ [[0],[1],[2]] , [0,1,2] ]\n",
    "print np.linalg.det(L[ [[0],[1],[2]] , [0,1,2] ])\n",
    "\n",
    "print \"i = {0,1,3}:\", \n",
    "#print L[ [[0],[1],[3]] , [0,1,3] ]\n",
    "print np.linalg.det(L[ [[0],[1],[3]] , [0,1,3] ])\n",
    "\n",
    "print \"i = {0,1,4}:\", \n",
    "#print L[ [[0],[1],[4]] , [0,1,4] ]\n",
    "print np.linalg.det(L[ [[0],[1],[4]] , [0,1,4] ])\n",
    "\n",
    "print \"i = {0,1,9}:\", \n",
    "#print L[ [[0],[1],[9]] , [0,1,9] ]\n",
    "print np.linalg.det(L[ [[0],[1],[9]] , [0,1,9] ])\n",
    "\n",
    "print \"\\nAs expected, the set {0,1,2} has lower probability than other sets with more distant numbers,\",\n",
    "print \"such as {0,1,3}, {0,1,9}\""
   ]
  },
  {
   "cell_type": "code",
   "execution_count": 10,
   "metadata": {
    "collapsed": false
   },
   "outputs": [
    {
     "name": "stdout",
     "output_type": "stream",
     "text": [
      "[[0], [3]]\n",
      "[[1 1]\n",
      " [0 4]]\n"
     ]
    }
   ],
   "source": [
    "# coding a way to use only the elements that i'm interested\n",
    "A = np.array([[1,2,3,1],[4,5,6,2],[7,8,9,3],[0,0,0,4]])\n",
    "selected_items = [0,3]\n",
    "#br_idxs = map(lambda x: list(x), selected_items) # broadcasted items\n",
    "br_idxs = [[a] for a in selected_items]\n",
    "\n",
    "print br_idxs\n",
    "print A[br_idxs, selected_items]"
   ]
  },
  {
   "cell_type": "markdown",
   "metadata": {},
   "source": [
    "## Computing kernel $K$ from ensemble $L$\n",
    "\n",
    "There are two ways to compute the marginal kernel $K$. Using the following operation:\n",
    "\n",
    "$K = L (L+I)^{-1}$.\n",
    "\n",
    "Or using the eigendecomposition of $L$:\n",
    "\n",
    "$K = \\sum_{n=1}^N{( \\frac{\\lambda_n}{\\lambda_n + 1} \\mathbf{v_n} \\mathbf{v_n}^T )}$."
   ]
  },
  {
   "cell_type": "code",
   "execution_count": 11,
   "metadata": {
    "collapsed": false
   },
   "outputs": [
    {
     "name": "stdout",
     "output_type": "stream",
     "text": [
      "K = [[  2.92187927e+00   2.40410551e+00   1.02997297e+00 ...,   2.41262239e-14\n",
      "    5.67511804e-16   8.09344647e-18]\n",
      " [  2.40410551e+00   3.43187738e+00   2.51790147e+00 ...,   6.22352262e-13\n",
      "    2.41262239e-14   5.67511804e-16]\n",
      " [  1.02997297e+00   2.51790147e+00   3.45726869e+00 ...,   9.73321340e-12\n",
      "    6.22352262e-13   2.41262239e-14]\n",
      " ..., \n",
      " [  2.41262239e-14   6.22352262e-13   9.73321340e-12 ...,   3.45726869e+00\n",
      "    2.51790147e+00   1.02997297e+00]\n",
      " [  5.67511804e-16   2.41262239e-14   6.22352262e-13 ...,   2.51790147e+00\n",
      "    3.43187738e+00   2.40410551e+00]\n",
      " [  8.09344647e-18   5.67511804e-16   2.41262239e-14 ...,   1.02997297e+00\n",
      "    2.40410551e+00   2.92187927e+00]]\n"
     ]
    }
   ],
   "source": [
    "import scipy.linalg\n",
    "\n",
    "# Using the first form:\n",
    "K = L.dot( L + np.eye(L.shape[0], L.shape[1]) )\n",
    "print \"K =\", K\n",
    "\n",
    "\n",
    "# or using eigendecomposition:\n",
    "#eV, eD = scipy.linalg.eig(L)\n",
    "#\n",
    "# (eV / (eV + 1.0))\n",
    "#Lrecomp = np.zeros_like(eD)\n",
    "#for i in xrange(eD.shape[0]):\n",
    "#    print (eV[i]/(eV[i] + 1))\n",
    "#    print (eD[i].dot(eD[i].T))\n",
    "#    Lrecomp[i,:] = (eV[i]/(eV[i] + 1)) * eD[i].dot(eD[i].T)\n",
    "\n"
   ]
  },
  {
   "cell_type": "code",
   "execution_count": 12,
   "metadata": {
    "collapsed": false
   },
   "outputs": [
    {
     "name": "stdout",
     "output_type": "stream",
     "text": [
      "i = {0,1,2}: 4.99038723497\n",
      "i = {0,1,3}: 12.6287989816\n",
      "i = {0,1,4}: 14.5252532566\n",
      "i = {0,1,9}: 12.4115823498\n"
     ]
    }
   ],
   "source": [
    "# computing the same previous probabilities, but using the marginal kernel K\n",
    "def rev_idxs(items):\n",
    "    idxs_list = [[a] for a in items]\n",
    "    return idxs_list, items\n",
    "\n",
    "print \"i = {0,1,2}:\",\n",
    "print np.linalg.det(K[ rev_idxs([0,1,2]) ])\n",
    "\n",
    "print \"i = {0,1,3}:\",\n",
    "print np.linalg.det(K[ rev_idxs([0,1,3]) ])\n",
    "\n",
    "print \"i = {0,1,4}:\",\n",
    "print np.linalg.det(K[ rev_idxs([0,1,4]) ])\n",
    "\n",
    "print \"i = {0,1,9}:\",\n",
    "print np.linalg.det(K[ rev_idxs([0,1,9]) ])"
   ]
  },
  {
   "cell_type": "markdown",
   "metadata": {},
   "source": [
    "As ensemble $L$, notice that $K$ is not necessarily normalized, as it is also a state of proportionality. Also, $K$ computes a different probability of $L$. $K$ comprises the marginal probabilities of inclusion for subsets $A$, while $L$ specifies atomic probabilities for every possible instantiation of $\\mathbf{Y}$."
   ]
  },
  {
   "cell_type": "markdown",
   "metadata": {},
   "source": [
    "## Dummy sampling algorithm\n",
    "\n",
    "A dummy sampling approach consists of sampling an element a subset/element $A = {i}$ with probability $P(A = \\{i\\})$. After sampling the first element, we recompute the probabilities, but conditioning on the value that was previously sampled. Kulesza et al. presents a better approach based on the eigendecomposition, that we shall see further ahead.\n",
    "\n",
    "In this sampling problem, we shall consider the same example of sampling a set of points $\\{1,2,\\dots,n\\}$ from a 2D grid. Reintroducing the data:"
   ]
  },
  {
   "cell_type": "code",
   "execution_count": 13,
   "metadata": {
    "collapsed": false
   },
   "outputs": [],
   "source": [
    "n = 10 # thus, N = n^2. As I'm sampling from a plane, D = 2\n",
    "sigma = 0.1 \n",
    "grid_points = np.arange(n) / float(n)"
   ]
  },
  {
   "cell_type": "markdown",
   "metadata": {},
   "source": [
    "Defining functions to compute probabilities:"
   ]
  },
  {
   "cell_type": "code",
   "execution_count": 14,
   "metadata": {
    "collapsed": false
   },
   "outputs": [
    {
     "name": "stdout",
     "output_type": "stream",
     "text": [
      "sanity check\n",
      "i = {0,1,2}: 0.345499615504\n",
      "i = {1,2,3}: 0.345499615504\n",
      "\n",
      "sampling distance points in the grid:\n",
      "i = {0,50,99}: 0.999999999986\n",
      "i = {0,33,77}: 0.99999998477\n",
      "i = {0,10,20}: 0.345499615504\n",
      "i = {0,5,10}: 0.63212055882\n",
      "\n",
      "conditional probabilities\n",
      "i = {0,1,2}: 0.345499615504\n",
      "B = {3} | A = {0,1,2}: 3.14657952782e+44\n",
      "B = {4} | A = {0,1,2}: 5.88077261179e+44\n",
      "B = {9} | A = {0,1,2}: 6.0585699045e+44\n",
      "\n",
      "B = {2} | A = {0,1}: 1.14564728473e+44\n",
      "B = {3} | A = {0,1}: 2.04096304113e+44\n",
      "B = {99} | A = {0,50}: 7.08930816958e+43\n"
     ]
    }
   ],
   "source": [
    "from dpp import DPP\n",
    "            \n",
    "dpp_grid = DPP(grid_points)\n",
    "\n",
    "print \"sanity check\"\n",
    "print \"i = {0,1,2}:\", dpp_grid.prob([0,1,2])\n",
    "print \"i = {1,2,3}:\", dpp_grid.prob([1,2,3])\n",
    "print \n",
    "print \"sampling distance points in the grid:\"\n",
    "print \"i = {0,50,99}:\", dpp_grid.prob([0,50,99]) # selecting distant points in the diagonal\n",
    "print \"i = {0,33,77}:\", dpp_grid.prob([0,33,77])\n",
    "print \"i = {0,10,20}:\", dpp_grid.prob([0,10,20])\n",
    "print \"i = {0,5,10}:\", dpp_grid.prob([0,5,10])\n",
    "print\n",
    "print \"conditional probabilities\"\n",
    "print \"i = {0,1,2}:\", dpp_grid.prob([0,1,2])\n",
    "print \"B = {3} | A = {0,1,2}:\", dpp_grid.cond_prob([3], [0,1,2])\n",
    "print \"B = {4} | A = {0,1,2}:\", dpp_grid.cond_prob([4], [0,1,2])\n",
    "print \"B = {9} | A = {0,1,2}:\", dpp_grid.cond_prob([9], [0,1,2])\n",
    "print \n",
    "print \"B = {2} | A = {0,1}:\", dpp_grid.cond_prob([2], [0,1])\n",
    "print \"B = {3} | A = {0,1}:\", dpp_grid.cond_prob([3], [0,1])\n",
    "print \"B = {99} | A = {0,50}:\", dpp_grid.cond_prob([99], [0,50])"
   ]
  },
  {
   "cell_type": "code",
   "execution_count": 15,
   "metadata": {
    "collapsed": false,
    "scrolled": true
   },
   "outputs": [
    {
     "name": "stdout",
     "output_type": "stream",
     "text": [
      "Iteration: 0\n",
      "Y [0, 1, 2, 3, 4, 5, 6, 7, 8, 9, 10, 11, 12, 13, 15, 16, 17, 18, 19, 20, 21, 22, 23, 24, 25, 26, 27, 28, 29, 30, 31, 32, 33, 34, 35, 36, 37, 38, 39, 40, 41, 42, 43, 44, 45, 46, 47, 48, 49, 50, 51, 52, 53, 54, 55, 56, 57, 58, 59, 60, 61, 62, 63, 64, 65, 66, 67, 68, 69, 70, 71, 72, 73, 74, 75, 76, 77, 78, 79, 80, 81, 82, 83, 84, 85, 86, 87, 88, 89, 90, 91, 92, 93, 94, 95, 96, 97, 98, 99]\n",
      "p [ 0.01  0.01  0.01  0.01  0.01  0.01  0.01  0.01  0.01  0.01  0.01  0.01\n",
      "  0.01  0.01  0.01  0.01  0.01  0.01  0.01  0.01  0.01  0.01  0.01  0.01\n",
      "  0.01  0.01  0.01  0.01  0.01  0.01  0.01  0.01  0.01  0.01  0.01  0.01\n",
      "  0.01  0.01  0.01  0.01  0.01  0.01  0.01  0.01  0.01  0.01  0.01  0.01\n",
      "  0.01  0.01  0.01  0.01  0.01  0.01  0.01  0.01  0.01  0.01  0.01  0.01\n",
      "  0.01  0.01  0.01  0.01  0.01  0.01  0.01  0.01  0.01  0.01  0.01  0.01\n",
      "  0.01  0.01  0.01  0.01  0.01  0.01  0.01  0.01  0.01  0.01  0.01  0.01\n",
      "  0.01  0.01  0.01  0.01  0.01  0.01  0.01  0.01  0.01  0.01  0.01  0.01\n",
      "  0.01  0.01  0.01  0.01]\n",
      "s [array([14])]\n",
      "\n",
      "Iteration: 1\n",
      "Y [0, 1, 2, 3, 4, 5, 6, 7, 8, 9, 10, 11, 12, 13, 16, 17, 18, 19, 20, 21, 22, 23, 24, 25, 26, 27, 28, 29, 30, 31, 32, 33, 34, 35, 36, 37, 38, 39, 40, 41, 42, 43, 44, 45, 46, 47, 48, 49, 50, 51, 52, 53, 54, 55, 56, 57, 58, 59, 60, 61, 62, 63, 64, 65, 66, 67, 68, 69, 70, 71, 72, 73, 74, 75, 76, 77, 78, 79, 80, 81, 82, 83, 84, 85, 86, 87, 88, 89, 90, 91, 92, 93, 94, 95, 96, 97, 98, 99]\n",
      "p [ 0.01032093  0.01032047  0.01025139  0.00892415  0.00652408  0.00892415\n",
      "  0.01025139  0.01032047  0.01032093  0.01032094  0.01032093  0.01031966\n",
      "  0.0101319   0.00652408  0.00652408  0.0101319   0.01031966  0.01032093\n",
      "  0.01032094  0.01032093  0.01032047  0.01025139  0.00892415  0.00652408\n",
      "  0.00892415  0.01025139  0.01032047  0.01032093  0.01032094  0.01032094\n",
      "  0.01032091  0.01031747  0.01025139  0.0101319   0.01025139  0.01031747\n",
      "  0.01032091  0.01032094  0.01032094  0.01032094  0.01032094  0.01032091\n",
      "  0.01032047  0.01031966  0.01032047  0.01032091  0.01032094  0.01032094\n",
      "  0.01032094  0.01032094  0.01032094  0.01032094  0.01032093  0.01032093\n",
      "  0.01032093  0.01032094  0.01032094  0.01032094  0.01032094  0.01032094\n",
      "  0.01032094  0.01032094  0.01032094  0.01032094  0.01032094  0.01032094\n",
      "  0.01032094  0.01032094  0.01032094  0.01032094  0.01032094  0.01032094\n",
      "  0.01032094  0.01032094  0.01032094  0.01032094  0.01032094  0.01032094\n",
      "  0.01032094  0.01032094  0.01032094  0.01032094  0.01032094  0.01032094\n",
      "  0.01032094  0.01032094  0.01032094  0.01032094  0.01032094  0.01032094\n",
      "  0.01032094  0.01032094  0.01032094  0.01032094  0.01032094  0.01032094\n",
      "  0.01032094  0.01032094  0.01032094]\n",
      "s [array([14]), array([15])]\n",
      "\n",
      "Iteration: 2\n",
      "Y [0, 1, 2, 3, 4, 5, 6, 7, 8, 9, 10, 11, 12, 13, 16, 17, 18, 19, 20, 21, 22, 23, 24, 25, 26, 27, 28, 29, 30, 31, 32, 33, 34, 35, 36, 37, 38, 39, 40, 41, 42, 43, 44, 45, 46, 47, 48, 49, 50, 51, 52, 53, 54, 55, 56, 57, 58, 59, 60, 61, 62, 63, 64, 65, 66, 67, 68, 69, 70, 71, 72, 73, 74, 75, 76, 77, 78, 79, 80, 81, 82, 83, 84, 85, 86, 87, 88, 89, 90, 92, 93, 94, 95, 96, 97, 98, 99]\n",
      "p [ 0.01054764  0.01054691  0.01044565  0.00878822  0.00666738  0.00666738\n",
      "  0.00878822  0.01044565  0.01054691  0.01054764  0.01054764  0.01054566\n",
      "  0.0102704   0.00576505  0.00576505  0.0102704   0.01054566  0.01054764\n",
      "  0.01054764  0.01054691  0.01044565  0.00878822  0.00666738  0.00666738\n",
      "  0.00878822  0.01044565  0.01054691  0.01054764  0.01054764  0.01054761\n",
      "  0.01054256  0.01046005  0.01035446  0.01035446  0.01046005  0.01054256\n",
      "  0.01054761  0.01054764  0.01054764  0.01054764  0.01054761  0.01054705\n",
      "  0.01054634  0.01054634  0.01054705  0.01054761  0.01054764  0.01054764\n",
      "  0.01054764  0.01054764  0.01054764  0.01054764  0.01054764  0.01054764\n",
      "  0.01054764  0.01054764  0.01054764  0.01054764  0.01054764  0.01054764\n",
      "  0.01054764  0.01054764  0.01054764  0.01054764  0.01054764  0.01054764\n",
      "  0.01054764  0.01054764  0.01054764  0.01054764  0.01054764  0.01054764\n",
      "  0.01054764  0.01054764  0.01054764  0.01054764  0.01054764  0.01054764\n",
      "  0.01054764  0.01054764  0.01054764  0.01054764  0.01054764  0.01054764\n",
      "  0.01054764  0.01054764  0.01054764  0.01054764  0.01054764  0.01054764\n",
      "  0.01054764  0.01054764  0.01054764  0.01054764  0.01054764  0.01054764\n",
      "  0.01054764  0.01054764]\n",
      "s [array([14]), array([15]), array([91])]\n",
      "\n",
      "Iteration: 3\n",
      "Y [0, 1, 2, 3, 4, 5, 6, 7, 8, 9, 10, 11, 12, 13, 16, 17, 18, 19, 20, 21, 22, 23, 24, 25, 26, 27, 28, 29, 30, 31, 32, 33, 34, 35, 36, 37, 38, 39, 40, 41, 42, 43, 44, 45, 46, 47, 48, 49, 50, 51, 52, 53, 54, 55, 56, 57, 58, 59, 60, 61, 62, 64, 65, 66, 67, 68, 69, 70, 71, 72, 73, 74, 75, 76, 77, 78, 79, 80, 81, 82, 83, 84, 85, 86, 87, 88, 89, 90, 92, 93, 94, 95, 96, 97, 98, 99]\n",
      "p [ 0.01082532  0.01082457  0.01072064  0.00901958  0.00684291  0.00684291\n",
      "  0.00901958  0.01072064  0.01082457  0.01082532  0.01082532  0.01082328\n",
      "  0.01054077  0.00591682  0.00591682  0.01054077  0.01082328  0.01082532\n",
      "  0.01082532  0.01082457  0.01072064  0.00901958  0.00684291  0.00684291\n",
      "  0.00901958  0.01072064  0.01082457  0.01082532  0.01082532  0.01082528\n",
      "  0.01082011  0.01073542  0.01062704  0.01062704  0.01073542  0.01082011\n",
      "  0.01082528  0.01082532  0.01082532  0.01082532  0.01082528  0.01082471\n",
      "  0.01082398  0.01082398  0.01082471  0.01082528  0.01082532  0.01082532\n",
      "  0.01082532  0.01082532  0.01082532  0.01082532  0.01082532  0.01082532\n",
      "  0.01082532  0.01082532  0.01082532  0.01082532  0.01082483  0.01082398\n",
      "  0.01082483  0.01082529  0.01082532  0.01082532  0.01082532  0.01082532\n",
      "  0.01082532  0.01082532  0.01075238  0.01062704  0.01075238  0.01082169\n",
      "  0.01082529  0.01082532  0.01082532  0.01082532  0.01082532  0.01082532\n",
      "  0.00936027  0.00684291  0.00936027  0.01075238  0.01082483  0.01082532\n",
      "  0.01082532  0.01082532  0.01082532  0.01082532  0.00684291  0.00684291\n",
      "  0.01062704  0.01082398  0.01082532  0.01082532  0.01082532  0.01082532\n",
      "  0.01082532]\n",
      "s [array([14]), array([15]), array([91]), array([63])]\n",
      "\n",
      "Iteration: 4\n",
      "Y [0, 1, 2, 3, 4, 5, 6, 7, 8, 9, 10, 11, 12, 13, 16, 17, 18, 19, 20, 21, 22, 23, 24, 25, 26, 27, 29, 30, 31, 32, 33, 34, 35, 36, 37, 38, 39, 40, 41, 42, 43, 44, 45, 46, 47, 48, 49, 50, 51, 52, 53, 54, 55, 56, 57, 58, 59, 60, 61, 62, 64, 65, 66, 67, 68, 69, 70, 71, 72, 73, 74, 75, 76, 77, 78, 79, 80, 81, 82, 83, 84, 85, 86, 87, 88, 89, 90, 92, 93, 94, 95, 96, 97, 98, 99]\n",
      "p [ 0.01120647  0.0112057   0.01109811  0.00933716  0.00708384  0.00708384\n",
      "  0.00933716  0.01109811  0.0112057   0.01120647  0.01120647  0.01120436\n",
      "  0.01091191  0.00612515  0.00612515  0.01091191  0.01120436  0.01120647\n",
      "  0.01120647  0.0112057   0.01109811  0.00933716  0.00708384  0.00708384\n",
      "  0.00933716  0.01109811  0.0112057   0.01120647  0.01120647  0.01120641\n",
      "  0.01120057  0.01111202  0.01100071  0.01100119  0.0111134   0.01120108\n",
      "  0.01120643  0.01120647  0.01120645  0.01120271  0.01113093  0.01100059\n",
      "  0.01112958  0.01120133  0.01120582  0.01120644  0.01120647  0.01120647\n",
      "  0.01120596  0.01113096  0.00968984  0.00708383  0.00968984  0.01113096\n",
      "  0.01120596  0.01120647  0.01120647  0.01120647  0.01120458  0.01099988\n",
      "  0.00708346  0.00708383  0.01100122  0.01120509  0.01120647  0.01120647\n",
      "  0.01120647  0.01113047  0.01092608  0.00961535  0.00708045  0.00968983\n",
      "  0.01113096  0.01120596  0.01120647  0.01120647  0.01120647  0.00968983\n",
      "  0.00708045  0.00961535  0.01092608  0.01113047  0.01120271  0.01120645\n",
      "  0.01120647  0.01120647  0.01120647  0.00708383  0.00708346  0.01099988\n",
      "  0.01120458  0.01120644  0.01120647  0.01120647  0.01120647  0.01120647]\n",
      "s [array([14]), array([15]), array([91]), array([63]), array([28])]\n",
      "\n",
      "Iteration: 5\n",
      "Y [0, 1, 2, 3, 4, 5, 6, 7, 8, 9, 10, 11, 12, 13, 16, 17, 18, 19, 20, 21, 22, 23, 24, 25, 26, 27, 29, 30, 31, 32, 33, 34, 35, 36, 37, 38, 39, 40, 41, 42, 43, 44, 45, 46, 47, 48, 49, 50, 51, 52, 53, 54, 55, 56, 58, 59, 60, 61, 62, 64, 65, 66, 67, 68, 69, 70, 71, 72, 73, 74, 75, 76, 77, 78, 79, 80, 81, 82, 83, 84, 85, 86, 87, 88, 89, 90, 92, 93, 94, 95, 96, 97, 98, 99]\n",
      "p [ 0.01161045  0.01160965  0.01149818  0.00967373  0.00733921  0.00733913\n",
      "  0.00967115  0.0114215   0.0113972   0.01153222  0.01161045  0.01160827\n",
      "  0.01130527  0.00634589  0.00627788  0.00974535  0.00733833  0.01003907\n",
      "  0.01161045  0.01160965  0.01149818  0.00967373  0.0073392   0.00733863\n",
      "  0.00947147  0.00723815  0.00733894  0.01161045  0.01161039  0.01160433\n",
      "  0.0115126   0.01139727  0.01139738  0.01143721  0.01003501  0.00733909\n",
      "  0.01003904  0.01161043  0.01160656  0.01153218  0.01139715  0.01153079\n",
      "  0.0116051   0.01160591  0.01153221  0.01139779  0.01153222  0.01160992\n",
      "  0.01153222  0.01003915  0.0073392   0.01003914  0.01153222  0.0116099\n",
      "  0.01160992  0.01160902  0.01160992  0.01160849  0.01139642  0.00733881\n",
      "  0.0073392   0.0113978   0.01160902  0.01161045  0.01161045  0.01161045\n",
      "  0.01153171  0.01131996  0.00996197  0.00733569  0.01003914  0.01153222\n",
      "  0.01160992  0.01161045  0.01161045  0.01161045  0.01003914  0.00733569\n",
      "  0.00996197  0.01131996  0.01153171  0.01160656  0.01161043  0.01161045\n",
      "  0.01161045  0.01161045  0.0073392   0.00733881  0.01139642  0.01160849\n",
      "  0.01161042  0.01161045  0.01161045  0.01161045  0.01161045]\n",
      "s [array([14]), array([15]), array([91]), array([63]), array([28]), array([57])]\n",
      "\n",
      "Iteration: 6\n",
      "Y [0, 1, 2, 3, 4, 5, 6, 7, 8, 9, 10, 11, 12, 13, 16, 17, 18, 19, 20, 21, 22, 23, 24, 25, 26, 27, 29, 30, 31, 32, 33, 34, 35, 36, 37, 38, 39, 40, 41, 42, 43, 44, 45, 46, 47, 48, 49, 50, 51, 52, 53, 54, 55, 56, 58, 59, 60, 61, 62, 64, 65, 66, 67, 68, 69, 70, 71, 72, 73, 74, 75, 77, 78, 79, 80, 81, 82, 83, 84, 85, 86, 87, 88, 89, 90, 92, 93, 94, 95, 96, 97, 98, 99]\n",
      "p [ 0.01204957  0.01204874  0.01193306  0.0100396   0.00761678  0.0076167\n",
      "  0.01003692  0.01185347  0.01182825  0.01196838  0.01204957  0.01204731\n",
      "  0.01173285  0.0065859   0.00651531  0.01011388  0.0076157   0.01041869\n",
      "  0.01204957  0.01204874  0.01193306  0.0100396   0.00761678  0.00761617\n",
      "  0.00982928  0.00751131  0.00761643  0.01204958  0.01204951  0.01204323\n",
      "  0.01194802  0.01182831  0.01182442  0.01178968  0.01020185  0.00754335\n",
      "  0.01041571  0.01204955  0.01204553  0.01196835  0.0118282   0.01196635\n",
      "  0.01196286  0.01041515  0.00754346  0.01020614  0.01188828  0.01204903\n",
      "  0.01196839  0.01041884  0.00761677  0.01041737  0.01174774  0.00761618\n",
      "  0.00761619  0.01182847  0.01204754  0.01182745  0.00761638  0.00761625\n",
      "  0.01174774  0.0104173   0.0076166   0.01041879  0.01196838  0.01196786\n",
      "  0.01174809  0.01033874  0.00761313  0.01041881  0.01196435  0.01196784\n",
      "  0.01182887  0.01196838  0.01204553  0.01041883  0.00761313  0.01033874\n",
      "  0.01174809  0.01196786  0.01204551  0.012049    0.01204809  0.01204903\n",
      "  0.01204955  0.00761678  0.00761638  0.01182745  0.01204754  0.01204955\n",
      "  0.01204958  0.01204957  0.01204958  0.01204958]\n",
      "s [array([14]), array([15]), array([91]), array([63]), array([28]), array([57]), array([76])]\n",
      "\n",
      "Iteration: 7\n",
      "Y [0, 1, 2, 3, 4, 5, 6, 7, 8, 9, 10, 11, 12, 13, 16, 17, 18, 19, 20, 21, 22, 23, 24, 25, 26, 27, 29, 30, 31, 32, 33, 34, 35, 36, 37, 38, 39, 40, 41, 42, 43, 44, 45, 46, 47, 48, 49, 50, 51, 52, 53, 54, 55, 56, 58, 59, 60, 61, 62, 64, 65, 66, 67, 68, 69, 70, 71, 72, 73, 74, 75, 77, 78, 79, 80, 81, 82, 84, 85, 86, 87, 88, 89, 90, 92, 93, 94, 95, 96, 97, 98, 99]\n",
      "p [ 0.0125066   0.01250574  0.01238566  0.01042039  0.00790568  0.0079056\n",
      "  0.01041761  0.01230306  0.01227688  0.01242233  0.0125066   0.01250425\n",
      "  0.01217786  0.0068357   0.00676243  0.01049749  0.00790455  0.01081386\n",
      "  0.0125066   0.01250574  0.01238566  0.01042039  0.00790568  0.00790504\n",
      "  0.01020209  0.0077962   0.00790531  0.0125066   0.01250653  0.01250001\n",
      "  0.01240119  0.01227694  0.01227289  0.01223634  0.01058735  0.00782895\n",
      "  0.01081075  0.01250657  0.01250241  0.01242229  0.01227683  0.01242022\n",
      "  0.01241659  0.01080559  0.00780629  0.01058293  0.01233864  0.01250603\n",
      "  0.01242233  0.01081394  0.00790558  0.01080968  0.01213086  0.00781299\n",
      "  0.0078926   0.01227595  0.01250449  0.01227604  0.00790507  0.00782958\n",
      "  0.01055929  0.00663095  0.00663142  0.01078006  0.01242233  0.01242179\n",
      "  0.01219368  0.01073082  0.00790127  0.01059211  0.00781714  0.00781334\n",
      "  0.01221409  0.01250124  0.01081401  0.00790189  0.01073088  0.01219326\n",
      "  0.0123381   0.01080052  0.00788226  0.01080935  0.01242233  0.01250602\n",
      "  0.00790567  0.00790526  0.01227602  0.01250029  0.01242176  0.01227603\n",
      "  0.01242181  0.01250238  0.01250657]\n",
      "s [array([14]), array([15]), array([91]), array([63]), array([28]), array([57]), array([76]), array([83])]\n",
      "\n",
      "Iteration: 8\n",
      "Y [0, 1, 2, 3, 4, 5, 6, 7, 8, 9, 10, 11, 12, 13, 16, 17, 18, 19, 20, 21, 22, 23, 24, 25, 26, 27, 29, 30, 31, 32, 33, 34, 35, 36, 37, 38, 39, 40, 41, 42, 43, 44, 45, 46, 47, 48, 49, 50, 51, 52, 53, 54, 55, 56, 58, 59, 60, 61, 62, 65, 66, 67, 68, 69, 70, 71, 72, 73, 74, 75, 77, 78, 79, 80, 81, 82, 84, 85, 86, 87, 88, 89, 90, 92, 93, 94, 95, 96, 97, 98, 99]\n",
      "p [ 0.01296091  0.01296002  0.01283559  0.01079892  0.00819286  0.00819277\n",
      "  0.01079604  0.01274998  0.01272285  0.01287358  0.01296091  0.01295848\n",
      "  0.01262023  0.00708401  0.00700808  0.01087882  0.00819169  0.01120668\n",
      "  0.01296091  0.01296002  0.01283558  0.01079892  0.00819286  0.0081922\n",
      "  0.01057269  0.00807941  0.00819248  0.01296092  0.01296084  0.01295408\n",
      "  0.01285165  0.0127229   0.01271871  0.01268083  0.01097195  0.00811335\n",
      "  0.01120346  0.01296089  0.01295649  0.01287196  0.01271851  0.01286982\n",
      "  0.01286756  0.01119812  0.00808986  0.01096736  0.01278686  0.01296032\n",
      "  0.01287235  0.01118218  0.00812596  0.01117767  0.0125702   0.00809679\n",
      "  0.0081793   0.01272189  0.01295873  0.01272197  0.00819222  0.008114\n",
      "  0.01094281  0.00687168  0.00687227  0.01117165  0.01287358  0.01287301\n",
      "  0.01258892  0.00983127  0.00455229  0.009639    0.00804065  0.00809702\n",
      "  0.01265777  0.01295536  0.01120193  0.00809692  0.00687224  0.00808935\n",
      "  0.01096581  0.00816787  0.01120197  0.01287358  0.01296032  0.00816834\n",
      "  0.00685395  0.00803233  0.01117404  0.01278496  0.0127215   0.01287305\n",
      "  0.01295655  0.01296089]\n",
      "s [array([14]), array([15]), array([91]), array([63]), array([28]), array([57]), array([76]), array([83]), array([64])]\n",
      "\n",
      "Iteration: 9\n",
      "Y [0, 1, 2, 3, 4, 5, 6, 7, 8, 9, 10, 11, 12, 13, 16, 17, 18, 19, 20, 21, 22, 23, 24, 25, 26, 27, 29, 30, 31, 32, 33, 34, 35, 36, 37, 38, 39, 40, 41, 42, 43, 44, 45, 46, 47, 48, 49, 50, 51, 52, 53, 54, 55, 56, 58, 59, 60, 61, 62, 65, 66, 67, 68, 69, 70, 71, 72, 73, 74, 75, 77, 78, 79, 80, 81, 82, 84, 85, 87, 88, 89, 90, 92, 93, 94, 95, 96, 97, 98, 99]\n",
      "p [ 0.01330068  0.01329976  0.01317206  0.01108201  0.00840763  0.00840754\n",
      "  0.01107906  0.01308421  0.01305637  0.01321105  0.01330068  0.01329818\n",
      "  0.01295106  0.00726971  0.0071918   0.011164    0.00840643  0.01150046\n",
      "  0.01330068  0.01329976  0.01317206  0.01108201  0.00840763  0.00840695\n",
      "  0.01084985  0.0082912   0.00840724  0.01330068  0.01330059  0.01329352\n",
      "  0.01318855  0.01305538  0.01305141  0.01301322  0.01125957  0.00832604\n",
      "  0.01149715  0.01330063  0.01329418  0.0131884   0.01305192  0.013052\n",
      "  0.01309945  0.01148591  0.00830191  0.01125487  0.01312206  0.01329975\n",
      "  0.01317049  0.01105369  0.00833897  0.00836804  0.01083552  0.00821276\n",
