{
 "cells": [
  {
   "cell_type": "markdown",
   "metadata": {},
   "source": [
    "# Determinantal Point Process in Python\n",
    "\n",
    "First, let's start the environment."
   ]
  },
  {
   "cell_type": "code",
   "execution_count": 1,
   "metadata": {
    "collapsed": false
   },
   "outputs": [],
   "source": [
    "import numpy as np\n",
    "import matplotlib.pyplot as plt\n",
    "\n",
    "# This is a bit of magic to make matplotlib figures appear inline in the notebook\n",
    "# rather than in a new window.\n",
    "%matplotlib inline\n",
    "plt.rcParams['figure.figsize'] = (10.0, 8.0) # set default size of plots\n",
    "plt.rcParams['image.interpolation'] = 'nearest'\n",
    "plt.rcParams['image.cmap'] = 'gray'\n",
    "\n",
    "# Some more magic so that the notebook will reload external python modules;\n",
    "# see http://stackoverflow.com/questions/1907993/autoreload-of-modules-in-ipython\n",
    "%load_ext autoreload\n",
    "%autoreload 2"
   ]
  },
  {
   "cell_type": "markdown",
   "metadata": {},
   "source": [
    "# Questions\n",
    "\n",
    "1. How do I define a $L$ kernel? Can it be defined through $B^T B$?\n",
    "2. The kernel $K$ can be seen as a cumulative function of $L$, since it computes $P_K(A \\subseteq \\mathbf{Y})$ instead of $P_L(\\mathbf{Y} = A)$?"
   ]
  },
  {
   "cell_type": "code",
   "execution_count": 2,
   "metadata": {
    "collapsed": false
   },
   "outputs": [
    {
     "name": "stdout",
     "output_type": "stream",
     "text": [
      "[[0]\n",
      " [1]\n",
      " [2]\n",
      " [3]\n",
      " [4]\n",
      " [5]\n",
      " [6]\n",
      " [7]\n",
      " [8]\n",
      " [9]]\n",
      "[0 1 2 3 4 5 6 7 8 9]\n",
      "[[ 0 -1 -2 -3 -4 -5 -6 -7 -8 -9]\n",
      " [ 1  0 -1 -2 -3 -4 -5 -6 -7 -8]\n",
      " [ 2  1  0 -1 -2 -3 -4 -5 -6 -7]\n",
      " [ 3  2  1  0 -1 -2 -3 -4 -5 -6]\n",
      " [ 4  3  2  1  0 -1 -2 -3 -4 -5]\n",
      " [ 5  4  3  2  1  0 -1 -2 -3 -4]\n",
      " [ 6  5  4  3  2  1  0 -1 -2 -3]\n",
      " [ 7  6  5  4  3  2  1  0 -1 -2]\n",
      " [ 8  7  6  5  4  3  2  1  0 -1]\n",
      " [ 9  8  7  6  5  4  3  2  1  0]]\n",
      "\n",
      "[[0 0 0 0 0 0 0 0 0 0]\n",
      " [1 1 1 1 1 1 1 1 1 1]\n",
      " [2 2 2 2 2 2 2 2 2 2]\n",
      " [3 3 3 3 3 3 3 3 3 3]\n",
      " [4 4 4 4 4 4 4 4 4 4]\n",
      " [5 5 5 5 5 5 5 5 5 5]\n",
      " [6 6 6 6 6 6 6 6 6 6]\n",
      " [7 7 7 7 7 7 7 7 7 7]\n",
      " [8 8 8 8 8 8 8 8 8 8]\n",
      " [9 9 9 9 9 9 9 9 9 9]]\n",
      "[[0 1 2 3 4 5 6 7 8 9]\n",
      " [0 1 2 3 4 5 6 7 8 9]\n",
      " [0 1 2 3 4 5 6 7 8 9]\n",
      " [0 1 2 3 4 5 6 7 8 9]\n",
      " [0 1 2 3 4 5 6 7 8 9]\n",
      " [0 1 2 3 4 5 6 7 8 9]\n",
      " [0 1 2 3 4 5 6 7 8 9]\n",
      " [0 1 2 3 4 5 6 7 8 9]\n",
      " [0 1 2 3 4 5 6 7 8 9]\n",
      " [0 1 2 3 4 5 6 7 8 9]]\n",
      "[[ 0 -1 -2 -3 -4 -5 -6 -7 -8 -9]\n",
      " [ 1  0 -1 -2 -3 -4 -5 -6 -7 -8]\n",
      " [ 2  1  0 -1 -2 -3 -4 -5 -6 -7]\n",
      " [ 3  2  1  0 -1 -2 -3 -4 -5 -6]\n",
      " [ 4  3  2  1  0 -1 -2 -3 -4 -5]\n",
      " [ 5  4  3  2  1  0 -1 -2 -3 -4]\n",
      " [ 6  5  4  3  2  1  0 -1 -2 -3]\n",
      " [ 7  6  5  4  3  2  1  0 -1 -2]\n",
      " [ 8  7  6  5  4  3  2  1  0 -1]\n",
      " [ 9  8  7  6  5  4  3  2  1  0]]\n"
     ]
    }
   ],
   "source": [
    "# Understanding broadcasting, used by Kulesza in the MATLAB code (bsxfun)\n",
    "A = np.arange(0,10) \n",
    "print A[np.newaxis].T\n",
    "print A\n",
    "print A[np.newaxis].T - A\n",
    "# You're taking the first elem, say [0], you fill it until it reaches the same rank of A, then you subtract [0] by\n",
    "# every element in A\n",
    "\n",
    "# it's like I stacked A[np.newaxis].T until it had 9 dims\n",
    "print \"\"\n",
    "print np.tile(A[np.newaxis].T, (1,10))\n",
    "print np.tile(A, (10,1)) \n",
    "print np.tile(A[np.newaxis].T, (1,10)) - np.tile(A, (10,1))"
   ]
  },
  {
   "cell_type": "code",
   "execution_count": 27,
   "metadata": {
    "collapsed": false,
    "scrolled": false
   },
   "outputs": [
    {
     "name": "stdout",
     "output_type": "stream",
     "text": [
      "\n",
      "(xx - xx.T):\n",
      "[[ 0.  -0.1 -0.2 ..., -0.7 -0.8 -0.9]\n",
      " [ 0.1  0.  -0.1 ..., -0.6 -0.7 -0.8]\n",
      " [ 0.2  0.1  0.  ..., -0.5 -0.6 -0.7]\n",
      " ..., \n",
      " [ 0.7  0.6  0.5 ...,  0.  -0.1 -0.2]\n",
      " [ 0.8  0.7  0.6 ...,  0.1  0.  -0.1]\n",
      " [ 0.9  0.8  0.7 ...,  0.2  0.1  0. ]]\n",
      "\n",
      "(xx - xx.T)**2:\n",
      "[[ 0.    0.01  0.04 ...,  0.49  0.64  0.81]\n",
      " [ 0.01  0.    0.01 ...,  0.36  0.49  0.64]\n",
      " [ 0.04  0.01  0.   ...,  0.25  0.36  0.49]\n",
      " ..., \n",
      " [ 0.49  0.36  0.25 ...,  0.    0.01  0.04]\n",
      " [ 0.64  0.49  0.36 ...,  0.01  0.    0.01]\n",
      " [ 0.81  0.64  0.49 ...,  0.04  0.01  0.  ]]\n",
      "\n",
      "(xx - xx.T)**2 + (yy - yy.T)**2:\n",
      "[[ 0.    0.01  0.04 ...,  1.3   1.45  1.62]\n",
      " [ 0.01  0.    0.01 ...,  1.17  1.3   1.45]\n",
      " [ 0.04  0.01  0.   ...,  1.06  1.17  1.3 ]\n",
      " ..., \n",
      " [ 1.3   1.17  1.06 ...,  0.    0.01  0.04]\n",
      " [ 1.45  1.3   1.17 ...,  0.01  0.    0.01]\n",
      " [ 1.62  1.45  1.3  ...,  0.04  0.01  0.  ]]\n",
      "\n",
      "np.exp((xx - xx.T)**2 + (yy - yy.T)**2):\n",
      "[[ 1.          1.01005017  1.04081077 ...,  3.66929667  4.26311452\n",
      "   5.05309032]\n",
      " [ 1.01005017  1.          1.01005017 ...,  3.22199264  3.66929667\n",
      "   4.26311452]\n",
      " [ 1.04081077  1.01005017  1.         ...,  2.88637099  3.22199264\n",
      "   3.66929667]\n",
      " ..., \n",
      " [ 3.66929667  3.22199264  2.88637099 ...,  1.          1.01005017\n",
      "   1.04081077]\n",
      " [ 4.26311452  3.66929667  3.22199264 ...,  1.01005017  1.          1.01005017]\n",
      " [ 5.05309032  4.26311452  3.66929667 ...,  1.04081077  1.01005017  1.        ]]\n",
      "\n",
      "np.exp(-0.5 * ((xx - xx.T)**2 + (yy - yy.T)**2)):\n",
      "[[ 1.          0.99501248  0.98019867 ...,  0.52204578  0.48432457\n",
      "   0.44485807]\n",
      " [ 0.99501248  1.          0.99501248 ...,  0.55710586  0.52204578\n",
      "   0.48432457]\n",
      " [ 0.98019867  0.99501248  1.         ...,  0.58860497  0.55710586\n",
      "   0.52204578]\n",
      " ..., \n",
      " [ 0.52204578  0.55710586  0.58860497 ...,  1.          0.99501248\n",
      "   0.98019867]\n",
      " [ 0.48432457  0.52204578  0.55710586 ...,  0.99501248  1.          0.99501248]\n",
      " [ 0.44485807  0.48432457  0.52204578 ...,  0.98019867  0.99501248  1.        ]]\n",
      "\n",
      "np.exp(-0.5 * ((xx - xx.T)**2 + (yy - yy.T)**2) / sigma**2):\n",
      "[[  1.00000000e+00   6.06530660e-01   1.35335283e-01 ...,   5.90009054e-29\n",
      "    3.26324786e-32   6.63967720e-36]\n",
      " [  6.06530660e-01   1.00000000e+00   6.06530660e-01 ...,   3.92439586e-26\n",
      "    5.90009054e-29   3.26324786e-32]\n",
      " [  1.35335283e-01   6.06530660e-01   1.00000000e+00 ...,   9.60268005e-24\n",
      "    3.92439586e-26   5.90009054e-29]\n",
      " ..., \n",
      " [  5.90009054e-29   3.92439586e-26   9.60268005e-24 ...,   1.00000000e+00\n",
      "    6.06530660e-01   1.35335283e-01]\n",
      " [  3.26324786e-32   5.90009054e-29   3.92439586e-26 ...,   6.06530660e-01\n",
      "    1.00000000e+00   6.06530660e-01]\n",
      " [  6.63967720e-36   3.26324786e-32   5.90009054e-29 ...,   1.35335283e-01\n",
      "    6.06530660e-01   1.00000000e+00]]\n"
     ]
    }
   ],
   "source": [
    "n = 10 # thus, N = n^2. As I'm sampling from a plane, D = 2\n",
    "sigma = 0.1 \n",
    "grid_points = np.arange(n) / float(n)\n",
    "xx, yy = np.meshgrid(grid_points, grid_points) # every possibility in the grid\n",
    "\n",
    "xx = xx.flatten()[np.newaxis].T\n",
    "yy = yy.flatten()[np.newaxis].T\n",
    "\n",
    "print \"\\n(xx - xx.T):\\n\", (xx - xx.T)\n",
    "print \"\\n(xx - xx.T)**2:\\n\",(xx - xx.T)**2 \n",
    "print \"\\n(xx - xx.T)**2 + (yy - yy.T)**2:\\n\", (xx - xx.T)**2 + (yy - yy.T)**2 \n",
    "print \"\\nnp.exp((xx - xx.T)**2 + (yy - yy.T)**2):\\n\", np.exp((xx - xx.T)**2 + (yy - yy.T)**2)\n",
    "print \"\\nnp.exp(-0.5 * ((xx - xx.T)**2 + (yy - yy.T)**2)):\\n\", np.exp(-0.5 * ((xx - xx.T)**2 + (yy - yy.T)**2))\n",
    "print \"\\nnp.exp(-0.5 * ((xx - xx.T)**2 + (yy - yy.T)**2) / sigma**2):\\n\", np.exp(-0.5 * ((xx - xx.T)**2 + (yy - yy.T)**2) / sigma**2)\n",
    "L = np.exp(-0.5 * ((xx - xx.T)**2 + (yy - yy.T)**2) / sigma**2)"
   ]
  },
  {
   "cell_type": "code",
   "execution_count": 29,
   "metadata": {
    "collapsed": false
   },
   "outputs": [
    {
     "name": "stdout",
     "output_type": "stream",
     "text": [
      "the pair (xx[i], yy[i]) contains every possible grid configuration\n",
      "xx: (100, 1)\n",
      "yy: (100, 1)\n",
      "L: (100, 100)\n"
     ]
    }
   ],
   "source": [
    "print \"the pair (xx[i], yy[i]) contains every possible grid configuration\"\n",
    "print \"xx:\", xx.shape\n",
    "print \"yy:\", yy.shape\n",
    "print \"L:\", L.shape"
   ]
  },
  {
   "cell_type": "markdown",
   "metadata": {},
   "source": [
    "Mapping indices position to every point in the grid"
   ]
  },
  {
   "cell_type": "code",
   "execution_count": 108,
   "metadata": {
    "collapsed": false
   },
   "outputs": [
    {
     "name": "stdout",
     "output_type": "stream",
     "text": [
      "[ 0.  0.]\n",
      "[ 0.1  0. ]\n",
      "{(0.5, 0.40000000000000002): 45, (0.0, 0.29999999999999999): 30, (0.40000000000000002, 0.5): 54, (0.40000000000000002, 0.69999999999999996): 74, (0.80000000000000004, 0.90000000000000002): 98, (0.5, 0.90000000000000002): 95, (0.5, 0.10000000000000001): 15, (0.90000000000000002, 0.20000000000000001): 29, (0.69999999999999996, 0.80000000000000004): 87, (0.29999999999999999, 0.10000000000000001): 13, (0.20000000000000001, 0.0): 2, (0.10000000000000001, 0.80000000000000004): 81, (0.40000000000000002, 0.59999999999999998): 64, (0.90000000000000002, 0.5): 59, (0.90000000000000002, 0.40000000000000002): 49, (0.90000000000000002, 0.69999999999999996): 79, (0.20000000000000001, 0.80000000000000004): 82, (0.5, 0.80000000000000004): 85, (0.59999999999999998, 0.0): 6, (0.10000000000000001, 0.69999999999999996): 71, (0.29999999999999999, 0.59999999999999998): 63, (0.29999999999999999, 0.80000000000000004): 83, (0.40000000000000002, 0.29999999999999999): 34, (0.40000000000000002, 0.80000000000000004): 84, (0.69999999999999996, 0.90000000000000002): 97, (0.59999999999999998, 0.69999999999999996): 76, (0.0, 0.59999999999999998): 60, (0.0, 0.40000000000000002): 40, (0.0, 0.5): 50, (0.0, 0.80000000000000004): 80, (0.80000000000000004, 0.0): 8, (0.59999999999999998, 0.29999999999999999): 36, (0.80000000000000004, 0.80000000000000004): 88, (0.20000000000000001, 0.20000000000000001): 22, (0.59999999999999998, 0.10000000000000001): 16, (0.0, 0.69999999999999996): 70, (0.10000000000000001, 0.29999999999999999): 31, (0.20000000000000001, 0.40000000000000002): 42, (0.5, 0.69999999999999996): 75, (0.0, 0.90000000000000002): 90, (0.59999999999999998, 0.20000000000000001): 26, (0.69999999999999996, 0.59999999999999998): 67, (0.59999999999999998, 0.40000000000000002): 46, (0.69999999999999996, 0.29999999999999999): 37, (0.80000000000000004, 0.29999999999999999): 38, (0.40000000000000002, 0.10000000000000001): 14, (0.5, 0.20000000000000001): 25, (0.29999999999999999, 0.5): 53, (0.20000000000000001, 0.69999999999999996): 72, (0.5, 0.29999999999999999): 35, (0.20000000000000001, 0.5): 52, (0.20000000000000001, 0.59999999999999998): 62, (0.80000000000000004, 0.40000000000000002): 48, (0.90000000000000002, 0.10000000000000001): 19, (0.29999999999999999, 0.40000000000000002): 43, (0.40000000000000002, 0.0): 4, (0.69999999999999996, 0.20000000000000001): 27, (0.10000000000000001, 0.10000000000000001): 11, (0.29999999999999999, 0.0): 3, (0.69999999999999996, 0.5): 57, (0.5, 0.5): 55, (0.69999999999999996, 0.0): 7, (0.90000000000000002, 0.80000000000000004): 89, (0.0, 0.0): 0, (0.80000000000000004, 0.59999999999999998): 68, (0.40000000000000002, 0.20000000000000001): 24, (0.59999999999999998, 0.5): 56, (0.29999999999999999, 0.29999999999999999): 33, (0.40000000000000002, 0.40000000000000002): 44, (0.0, 0.10000000000000001): 10, (0.69999999999999996, 0.40000000000000002): 47, (0.10000000000000001, 0.5): 51, (0.5, 0.59999999999999998): 65, (0.80000000000000004, 0.20000000000000001): 28, (0.0, 0.20000000000000001): 20, (0.29999999999999999, 0.20000000000000001): 23, (0.10000000000000001, 0.59999999999999998): 61, (0.10000000000000001, 0.20000000000000001): 21, (0.80000000000000004, 0.69999999999999996): 78, (0.90000000000000002, 0.90000000000000002): 99, (0.59999999999999998, 0.90000000000000002): 96, (0.59999999999999998, 0.59999999999999998): 66, (0.69999999999999996, 0.10000000000000001): 17, (0.20000000000000001, 0.10000000000000001): 12, (0.10000000000000001, 0.0): 1, (0.90000000000000002, 0.0): 9, (0.90000000000000002, 0.29999999999999999): 39, (0.80000000000000004, 0.10000000000000001): 18, (0.5, 0.0): 5, (0.59999999999999998, 0.80000000000000004): 86, (0.69999999999999996, 0.69999999999999996): 77, (0.29999999999999999, 0.90000000000000002): 93, (0.90000000000000002, 0.59999999999999998): 69, (0.20000000000000001, 0.90000000000000002): 92, (0.20000000000000001, 0.29999999999999999): 32, (0.10000000000000001, 0.40000000000000002): 41, (0.10000000000000001, 0.90000000000000002): 91, (0.29999999999999999, 0.69999999999999996): 73, (0.80000000000000004, 0.5): 58, (0.40000000000000002, 0.90000000000000002): 94}\n"
     ]
    }
   ],
   "source": [
    "#idx_to_point = { i: point for i, point in enumerate(zip(xx,yy)) }\n",
    "#print idx_to_point[0][0][0]\n",
    "\n",
    "idx_to_point = np.hstack((xx, yy))\n",
    "point_to_idx = { tuple(point): i for i, point in enumerate(idx_to_point) }\n",
    "print idx_to_point[0]\n",
    "print idx_to_point[1]\n",
    "#print point_to_idx[(1,0)]\n",
    "print point_to_idx"
   ]
  },
  {
   "cell_type": "markdown",
   "metadata": {},
   "source": [
    "## Computing probabilities using the ensemble kernel $L$\n",
    "\n",
    "First, computing individual probabilities."
   ]
  },
  {
   "cell_type": "code",
   "execution_count": 30,
   "metadata": {
    "collapsed": false
   },
   "outputs": [
    {
     "name": "stdout",
     "output_type": "stream",
     "text": [
      "Pr(Y = 0) = 1.0\n",
      "Pr(Y = 1) = 1.0\n"
     ]
    }
   ],
   "source": [
    "# Computing some probabilities using L-ensembles\n",
    "\n",
    "# computing the probability of a singleton {i}, i.e., a set containing a single element\n",
    "# np.linalg.det(L[0,0])\n",
    "print \"Pr(Y = 0) =\", L[0,0]\n",
    "print \"Pr(Y = 1) =\", L[1,1]"
   ]
  },
  {
   "cell_type": "markdown",
   "metadata": {},
   "source": [
    "Probabilities of more elements."
   ]
  },
  {
   "cell_type": "code",
   "execution_count": 75,
   "metadata": {
    "collapsed": false
   },
   "outputs": [
    {
     "name": "stdout",
     "output_type": "stream",
     "text": [
      "probability of selecting elements (0,0) and (1,0) in the grid\n",
      "[[ 1.          0.60653066]\n",
      " [ 0.60653066  1.        ]]\n",
      "0.632120558829\n",
      "by hand: 0.63212055848\n",
      "\n",
      "probability of selecting elements (0,0),(1,0),(2,0) in the grid\n",
      "[[ 1.          0.60653066  0.13533528]\n",
      " [ 0.60653066  1.          0.60653066]\n",
      " [ 0.13533528  0.60653066  1.        ]]\n",
      "0.345499615504\n",
      "\n",
      "probability of including all points\n",
      "\n",
      "[[  1.00000000e+00   6.06530660e-01   1.35335283e-01 ...,   5.90009054e-29\n",
      "    3.26324786e-32   6.63967720e-36]\n",
      " [  6.06530660e-01   1.00000000e+00   6.06530660e-01 ...,   3.92439586e-26\n",
      "    5.90009054e-29   3.26324786e-32]\n",
      " [  1.35335283e-01   6.06530660e-01   1.00000000e+00 ...,   9.60268005e-24\n",
      "    3.92439586e-26   5.90009054e-29]\n",
      " ..., \n",
      " [  5.90009054e-29   3.92439586e-26   9.60268005e-24 ...,   1.00000000e+00\n",
      "    6.06530660e-01   1.35335283e-01]\n",
      " [  3.26324786e-32   5.90009054e-29   3.92439586e-26 ...,   6.06530660e-01\n",
      "    1.00000000e+00   6.06530660e-01]\n",
      " [  6.63967720e-36   3.26324786e-32   5.90009054e-29 ...,   1.35335283e-01\n",
      "    6.06530660e-01   1.00000000e+00]]\n",
      "3.6363232855e-51\n"
     ]
    }
   ],
   "source": [
    "print \"probability of selecting elements (0,0) and (1,0) in the grid\"\n",
    "print L[0:2, 0:2]\n",
    "print np.linalg.det(L[0:2, 0:2])\n",
    "print \"by hand:\", 1*1 - 0.60653066**2\n",
    "print \n",
    "print \"probability of selecting elements (0,0),(1,0),(2,0) in the grid\"\n",
    "print L[0:3, 0:3]\n",
    "print np.linalg.det(L[0:3, 0:3])\n",
    "print\n",
    "print \"probability of including all points\"\n",
    "print \"\\n\", L\n",
    "print np.linalg.det(L)\n",
    "\n",
    "#print \"\\n\", L[3, 3]\n",
    "#print np.linalg.det(L[0:3, 0:3])\n"
   ]
  },
  {
   "cell_type": "code",
   "execution_count": 38,
   "metadata": {
    "collapsed": false
   },
   "outputs": [
    {
     "name": "stdout",
     "output_type": "stream",
     "text": [
      "[[1 2 3 1]\n",
      " [4 5 6 2]\n",
      " [7 8 9 3]\n",
      " [0 0 0 4]]\n"
     ]
    },
    {
     "data": {
      "text/plain": [
       "array([[1, 3, 1],\n",
       "       [7, 9, 3],\n",
       "       [0, 0, 4]])"
      ]
     },
     "execution_count": 38,
     "metadata": {},
     "output_type": "execute_result"
    }
   ],
   "source": [
    "# taking all but one column trick\n",
    "A = np.array([[1,2,3,1],[4,5,6,2],[7,8,9,3],[0,0,0,4]])\n",
    "print A\n",
    "A[ [[0],[2],[3]] , [0,2,3] ]"
   ]
  },
  {
   "cell_type": "code",
   "execution_count": 39,
   "metadata": {
    "collapsed": false
   },
   "outputs": [
    {
     "name": "stdout",
     "output_type": "stream",
     "text": [
      "i = {0,1,2}: 0.345499615504\n",
      "i = {0,1,3}: 0.615505274067\n",
      "i = {0,1,4}: 0.632001557148\n",
      "i = {0,1,9}: 0.632120558829\n",
      "\n",
      "As expected, the set {0,1,2} has lower probability than other sets with more distant numbers, such as {0,1,3}, {0,1,9}\n"
     ]
    }
   ],
   "source": [
    "print \"i = {0,1,2}:\", \n",
    "#print L[ [[0],[1],[2]] , [0,1,2] ]\n",
    "print np.linalg.det(L[ [[0],[1],[2]] , [0,1,2] ])\n",
    "\n",
    "print \"i = {0,1,3}:\", \n",
    "#print L[ [[0],[1],[3]] , [0,1,3] ]\n",
    "print np.linalg.det(L[ [[0],[1],[3]] , [0,1,3] ])\n",
    "\n",
    "print \"i = {0,1,4}:\", \n",
    "#print L[ [[0],[1],[4]] , [0,1,4] ]\n",
    "print np.linalg.det(L[ [[0],[1],[4]] , [0,1,4] ])\n",
    "\n",
    "print \"i = {0,1,9}:\", \n",
    "#print L[ [[0],[1],[9]] , [0,1,9] ]\n",
    "print np.linalg.det(L[ [[0],[1],[9]] , [0,1,9] ])\n",
    "\n",
    "print \"\\nAs expected, the set {0,1,2} has lower probability than other sets with more distant numbers,\",\n",
    "print \"such as {0,1,3}, {0,1,9}\""
   ]
  },
  {
   "cell_type": "code",
   "execution_count": 40,
   "metadata": {
    "collapsed": false
   },
   "outputs": [
    {
     "name": "stdout",
     "output_type": "stream",
     "text": [
      "[[0], [3]]\n",
      "[[1 1]\n",
      " [0 4]]\n"
     ]
    }
   ],
   "source": [
    "# coding a way to use only the elements that i'm interested\n",
    "A = np.array([[1,2,3,1],[4,5,6,2],[7,8,9,3],[0,0,0,4]])\n",
    "selected_items = [0,3]\n",
    "#br_idxs = map(lambda x: list(x), selected_items) # broadcasted items\n",
    "br_idxs = [[a] for a in selected_items]\n",
    "\n",
    "print br_idxs\n",
    "print A[br_idxs, selected_items]"
   ]
  },
  {
   "cell_type": "markdown",
   "metadata": {},
   "source": [
    "## Computing kernel $K$ from ensemble $L$\n",
    "\n",
    "There are two ways to compute the marginal kernel $K$. Using the following operation:\n",
    "\n",
    "$K = L (L+I)^{-1}$.\n",
    "\n",
    "Or using the eigendecomposition of $L$:\n",
    "\n",
    "$K = \\sum_{n=1}^N{( \\frac{\\lambda_n}{\\lambda_n + 1} \\mathbf{v_n} \\mathbf{v_n}^T )}$."
   ]
  },
  {
   "cell_type": "code",
   "execution_count": 70,
   "metadata": {
    "collapsed": false
   },
   "outputs": [
    {
     "name": "stdout",
     "output_type": "stream",
     "text": [
      "K = [[  2.92187927e+00   2.40410551e+00   1.02997297e+00 ...,   2.41262239e-14\n",
      "    5.67511804e-16   8.09344647e-18]\n",
      " [  2.40410551e+00   3.43187738e+00   2.51790147e+00 ...,   6.22352262e-13\n",
      "    2.41262239e-14   5.67511804e-16]\n",
      " [  1.02997297e+00   2.51790147e+00   3.45726869e+00 ...,   9.73321340e-12\n",
      "    6.22352262e-13   2.41262239e-14]\n",
      " ..., \n",
      " [  2.41262239e-14   6.22352262e-13   9.73321340e-12 ...,   3.45726869e+00\n",
      "    2.51790147e+00   1.02997297e+00]\n",
      " [  5.67511804e-16   2.41262239e-14   6.22352262e-13 ...,   2.51790147e+00\n",
      "    3.43187738e+00   2.40410551e+00]\n",
      " [  8.09344647e-18   5.67511804e-16   2.41262239e-14 ...,   1.02997297e+00\n",
      "    2.40410551e+00   2.92187927e+00]]\n"
     ]
    }
   ],
   "source": [
    "import scipy.linalg\n",
    "\n",
    "# Using the first form:\n",
    "K = L.dot( L + np.eye(L.shape[0], L.shape[1]) )\n",
    "print \"K =\", K\n",
    "\n",
    "\n",
    "# or using eigendecomposition:\n",
    "#eV, eD = scipy.linalg.eig(L)\n",
    "#\n",
    "# (eV / (eV + 1.0))\n",
    "#Lrecomp = np.zeros_like(eD)\n",
    "#for i in xrange(eD.shape[0]):\n",
    "#    print (eV[i]/(eV[i] + 1))\n",
    "#    print (eD[i].dot(eD[i].T))\n",
    "#    Lrecomp[i,:] = (eV[i]/(eV[i] + 1)) * eD[i].dot(eD[i].T)\n",
    "\n"
   ]
  },
  {
   "cell_type": "code",
   "execution_count": 72,
   "metadata": {
    "collapsed": false
   },
   "outputs": [
    {
     "name": "stdout",
     "output_type": "stream",
     "text": [
      "i = {0,1,2}: 4.99038723497\n",
      "i = {0,1,3}: 12.6287989816\n",
      "i = {0,1,4}: 14.5252532566\n",
      "i = {0,1,9}: 12.4115823498\n"
     ]
    }
   ],
   "source": [
    "# computing the same previous probabilities, but using the marginal kernel K\n",
    "def rev_idxs(items):\n",
    "    idxs_list = [[a] for a in items]\n",
    "    return idxs_list, items\n",
    "\n",
    "print \"i = {0,1,2}:\",\n",
    "print np.linalg.det(K[ rev_idxs([0,1,2]) ])\n",
    "\n",
    "print \"i = {0,1,3}:\",\n",
    "print np.linalg.det(K[ rev_idxs([0,1,3]) ])\n",
    "\n",
    "print \"i = {0,1,4}:\",\n",
    "print np.linalg.det(K[ rev_idxs([0,1,4]) ])\n",
    "\n",
    "print \"i = {0,1,9}:\",\n",
    "print np.linalg.det(K[ rev_idxs([0,1,9]) ])"
   ]
  },
  {
   "cell_type": "markdown",
   "metadata": {},
   "source": [
    "As ensemble $L$, notice that $K$ is not necessarily normalized, as it is also a state of proportionality. Also, $K$ computes a different probability of $L$. $K$ comprises the marginal probabilities of inclusion for subsets $A$, while $L$ specifies atomic probabilities for every possible instantiation of $\\mathbf{Y}$."
   ]
  },
  {
   "cell_type": "markdown",
   "metadata": {},
   "source": [
    "## Dummy sampling algorithm\n",
    "\n",
    "A dummy sampling approach consists of sampling an element a subset/element $A = {i}$ with probability $P(A = \\{i\\})$. After sampling the first element, we recompute the probabilities, but conditioning on the value that was previously sampled. Kulesza et al. presents a better approach based on the eigendecomposition, that we shall see further ahead.\n",
    "\n",
    "In this sampling problem, we shall consider the same example of sampling a set of points $\\{1,2,\\dots,n\\}$ from a 2D grid. Reintroducing the data:"
   ]
  },
  {
   "cell_type": "code",
   "execution_count": 73,
   "metadata": {
    "collapsed": false
   },
   "outputs": [],
   "source": [
    "n = 10 # thus, N = n^2. As I'm sampling from a plane, D = 2\n",
    "sigma = 0.1 \n",
    "grid_points = np.arange(n) / float(n)"
   ]
  },
  {
   "cell_type": "markdown",
   "metadata": {},
   "source": [
    "Defining functions to compute probabilities:"
   ]
  },
  {
   "cell_type": "code",
   "execution_count": 115,
   "metadata": {
    "collapsed": false
   },
   "outputs": [
    {
     "name": "stdout",
     "output_type": "stream",
     "text": [
      "sanity check\n",
      "i = {0,1,2}: 0.345499615504\n",
      "i = {1,2,3}: 0.345499615504\n",
      "\n",
      "sampling distance points in the grid:\n",
      "i = {0,50,99}: 0.999999999986\n",
      "i = {0,33,77}: 0.99999998477\n",
      "i = {0,10,20}: 0.345499615504\n",
      "i = {0,5,10}: 0.63212055882\n",
      "\n",
      "conditional probabilities\n",
      "i = {0,1,2}: 0.345499615504\n",
      "B = {3} | A = {0,1,2}: 3.14657952782e+44\n",
      "B = {4} | A = {0,1,2}: 5.88077261179e+44\n",
      "B = {9} | A = {0,1,2}: 6.0585699045e+44\n",
      "\n",
      "B = {2} | A = {0,1}: 1.14564728473e+44\n",
      "B = {3} | A = {0,1}: 2.04096304113e+44\n",
      "B = {99} | A = {0,50}: 7.08930816958e+43\n"
     ]
    }
   ],
   "source": [
    "class DPP:\n",
    "    def __init__(self, grid_points):\n",
    "        self.n = len(grid_points)\n",
    "        self.elements = range(0, self.n*self.n)\n",
    "        self.sigma = 0.1\n",
    "        \n",
    "        # create L-ensemble\n",
    "        self.xx, self.yy = np.meshgrid(grid_points, grid_points)\n",
    "        self.xx = xx.flatten()[np.newaxis].T\n",
    "        self.yy = yy.flatten()[np.newaxis].T\n",
    "        self.L = np.exp(-0.5 * ((self.xx - self.xx.T)**2 + (self.yy - self.yy.T)**2) / self.sigma**2)\n",
    "\n",
    "    def _idxs(self, items):\n",
    "        idxs_list = [[a] for a in items]\n",
    "        return idxs_list, items\n",
    "\n",
    "    def _rev_idxs(self, items):\n",
    "        # selects the opposite of the items specified\n",
    "        pass\n",
    "    \n",
    "    def prob(self, items):\n",
    "        return np.linalg.det( L[ self._idxs(items) ] )\n",
    "    \n",
    "    def cond_prob(self, new_items, sampled = []):\n",
    "        \"\"\"TODO implement the conditioning function\"\"\"\n",
    "        if not sampled:\n",
    "            return self.prob(new_items)\n",
    "        \n",
    "        items = new_items + sampled\n",
    "        conj = np.linalg.det( L[ self._idxs(items) ] )\n",
    "        \n",
    "        # creating Y - A, i.e. Y_omega - sampled\n",
    "        Y_omega = range(0, self.n)\n",
    "        Y_inv = [y for y in Y_omega if y not in sampled]\n",
    "        \n",
    "        # invA or inv_sampled\n",
    "        I_invA = np.zeros_like(L)\n",
    "        I_invA[Y_inv, Y_inv] = 1\n",
    "        \n",
    "        # normalization \n",
    "        norm = np.linalg.det( L + I_invA )\n",
    "        return conj / float(norm)\n",
    "    \n",
    "    def dummy_sampling(self, num_samples):      \n",
    "        Y = self.elements\n",
    "        sampled = []\n",
    "        for it in xrange(num_samples):\n",
    "            print \"Iteration: %d\" % it\n",
    "            \n",
    "            prbs  = [self.cond_prob([y], sampled) for y in Y]\n",
    "            prbs /= np.sum(prbs)\n",
    "            \n",
    "            elem_sampled = np.random.choice(Y, 1, p=prbs)\n",
    "            sampled.append(elem_sampled)\n",
    "            \n",
    "            # creating Y - A, i.e. Y_omega - sampled\n",
    "            Y.remove(elem_sampled)\n",
    "            \n",
    "            print \"Y\", Y\n",
    "            print \"p\", prbs\n",
    "            print \"s\", sampled\n",
    "            print \n",
    "            \n",
    "        return sampled\n",
    "            \n",
    "dpp_grid = DPP(grid_points)\n",
    "\n",
    "print \"sanity check\"\n",
    "print \"i = {0,1,2}:\", dpp_grid.prob([0,1,2])\n",
    "print \"i = {1,2,3}:\", dpp_grid.prob([1,2,3])\n",
    "print \n",
    "print \"sampling distance points in the grid:\"\n",
    "print \"i = {0,50,99}:\", dpp_grid.prob([0,50,99]) # selecting distant points in the diagonal\n",
    "print \"i = {0,33,77}:\", dpp_grid.prob([0,33,77])\n",
    "print \"i = {0,10,20}:\", dpp_grid.prob([0,10,20])\n",
    "print \"i = {0,5,10}:\", dpp_grid.prob([0,5,10])\n",
    "print\n",
    "print \"conditional probabilities\"\n",
    "print \"i = {0,1,2}:\", dpp_grid.prob([0,1,2])\n",
    "print \"B = {3} | A = {0,1,2}:\", dpp_grid.cond_prob([3], [0,1,2])\n",
    "print \"B = {4} | A = {0,1,2}:\", dpp_grid.cond_prob([4], [0,1,2])\n",
    "print \"B = {9} | A = {0,1,2}:\", dpp_grid.cond_prob([9], [0,1,2])\n",
    "print \n",
    "print \"B = {2} | A = {0,1}:\", dpp_grid.cond_prob([2], [0,1])\n",
    "print \"B = {3} | A = {0,1}:\", dpp_grid.cond_prob([3], [0,1])\n",
    "print \"B = {99} | A = {0,50}:\", dpp_grid.cond_prob([99], [0,50])"
   ]
  },
  {
   "cell_type": "code",
   "execution_count": 117,
   "metadata": {
    "collapsed": false,
    "scrolled": false
   },
   "outputs": [
    {
     "name": "stdout",
     "output_type": "stream",
     "text": [
      "Iteration: 0\n",
      "Y [0, 1, 2, 3, 4, 5, 6, 7, 8, 9, 10, 11, 12, 14, 15, 16, 18, 19, 20, 21, 22, 23, 24, 27, 28, 29, 30, 31, 32, 33, 34, 35, 36, 37, 38, 39, 41, 42, 43, 44, 45, 46, 47, 48, 49, 50, 51, 52, 53, 54, 55, 56, 57, 58, 59, 60, 61, 62, 64, 65, 66, 67, 68, 69, 70, 71, 72, 73, 74, 75, 76, 77, 78, 79, 80, 81, 82, 83, 84, 85, 86, 87, 88, 89, 90, 91, 92, 93, 94, 95, 96, 97, 98, 99]\n",
      "p [ 0.01052632  0.01052632  0.01052632  0.01052632  0.01052632  0.01052632\n",
      "  0.01052632  0.01052632  0.01052632  0.01052632  0.01052632  0.01052632\n",
      "  0.01052632  0.01052632  0.01052632  0.01052632  0.01052632  0.01052632\n",
      "  0.01052632  0.01052632  0.01052632  0.01052632  0.01052632  0.01052632\n",
      "  0.01052632  0.01052632  0.01052632  0.01052632  0.01052632  0.01052632\n",
      "  0.01052632  0.01052632  0.01052632  0.01052632  0.01052632  0.01052632\n",
      "  0.01052632  0.01052632  0.01052632  0.01052632  0.01052632  0.01052632\n",
      "  0.01052632  0.01052632  0.01052632  0.01052632  0.01052632  0.01052632\n",
      "  0.01052632  0.01052632  0.01052632  0.01052632  0.01052632  0.01052632\n",
      "  0.01052632  0.01052632  0.01052632  0.01052632  0.01052632  0.01052632\n",
      "  0.01052632  0.01052632  0.01052632  0.01052632  0.01052632  0.01052632\n",
      "  0.01052632  0.01052632  0.01052632  0.01052632  0.01052632  0.01052632\n",
      "  0.01052632  0.01052632  0.01052632  0.01052632  0.01052632  0.01052632\n",
      "  0.01052632  0.01052632  0.01052632  0.01052632  0.01052632  0.01052632\n",
      "  0.01052632  0.01052632  0.01052632  0.01052632  0.01052632  0.01052632\n",
      "  0.01052632  0.01052632  0.01052632  0.01052632  0.01052632]\n",
      "s [array([26])]\n",
      "\n",
      "Iteration: 1\n",
      "Y [0, 1, 2, 3, 4, 5, 6, 7, 8, 10, 11, 12, 14, 15, 16, 18, 19, 20, 21, 22, 23, 24, 27, 28, 29, 30, 31, 32, 33, 34, 35, 36, 37, 38, 39, 41, 42, 43, 44, 45, 46, 47, 48, 49, 50, 51, 52, 53, 54, 55, 56, 57, 58, 59, 60, 61, 62, 64, 65, 66, 67, 68, 69, 70, 71, 72, 73, 74, 75, 76, 77, 78, 79, 80, 81, 82, 83, 84, 85, 86, 87, 88, 89, 90, 91, 92, 93, 94, 95, 96, 97, 98, 99]\n",
      "p [ 0.01082705  0.01082705  0.01082705  0.01082703  0.01082342  0.0107541\n",
      "  0.01062875  0.0107541   0.01082342  0.01082703  0.01082705  0.01082705\n",
      "  0.01082705  0.0107541   0.00936177  0.006844    0.0107541   0.01082656\n",
      "  0.01082705  0.01082705  0.01082705  0.01082572  0.01062875  0.006844\n",
      "  0.01062875  0.01082572  0.01082705  0.01082705  0.01082705  0.01082656\n",
      "  0.0107541   0.00936177  0.006844    0.00936177  0.0107541   0.01082656\n",
      "  0.01082705  0.01082705  0.01082703  0.01082342  0.0107541   0.01062875\n",
      "  0.0107541   0.01082342  0.01082703  0.01082705  0.01082705  0.01082705\n",
      "  0.01082705  0.01082703  0.01082656  0.01082572  0.01082656  0.01082703\n",
      "  0.01082705  0.01082705  0.01082705  0.01082705  0.01082705  0.01082705\n",
      "  0.01082705  0.01082705  0.01082705  0.01082705  0.01082705  0.01082705\n",
      "  0.01082705  0.01082705  0.01082705  0.01082705  0.01082705  0.01082705\n",
      "  0.01082705  0.01082705  0.01082705  0.01082705  0.01082705  0.01082705\n",
      "  0.01082705  0.01082705  0.01082705  0.01082705  0.01082705  0.01082705\n",
      "  0.01082705  0.01082705  0.01082705  0.01082705  0.01082705  0.01082705\n",
      "  0.01082705  0.01082705  0.01082705  0.01082705]\n",
      "s [array([26]), array([9])]\n",
      "\n",
      "Iteration: 2\n",
      "Y [0, 1, 2, 3, 4, 5, 6, 7, 8, 10, 11, 12, 14, 15, 16, 18, 19, 20, 21, 22, 23, 24, 27, 28, 29, 30, 31, 32, 33, 34, 35, 36, 37, 38, 39, 41, 42, 43, 44, 45, 46, 47, 48, 49, 50, 51, 52, 53, 54, 55, 56, 57, 58, 59, 60, 61, 62, 64, 65, 66, 67, 68, 69, 70, 71, 72, 73, 74, 75, 76, 77, 78, 79, 81, 82, 83, 84, 85, 86, 87, 88, 89, 90, 91, 92, 93, 94, 95, 96, 97, 98, 99]\n",
      "p [ 0.01105628  0.01105628  0.01105628  0.01105625  0.01105257  0.01098178\n",
      "  0.01085246  0.01077965  0.00698555  0.01105628  0.01105628  0.01105628\n",
      "  0.01098178  0.00955997  0.00698852  0.00948648  0.00698852  0.01105628\n",
      "  0.01105628  0.01105628  0.01105491  0.01085377  0.00698555  0.01077965\n",
      "  0.01085246  0.01105628  0.01105628  0.01105628  0.01105578  0.01098178\n",
      "  0.00955997  0.00698889  0.00955996  0.0109813   0.01105441  0.01105628\n",
      "  0.01105628  0.01105625  0.01105257  0.01098178  0.01085377  0.01098178\n",
      "  0.01105257  0.01105625  0.01105628  0.01105628  0.01105628  0.01105628\n",
      "  0.01105625  0.01105578  0.01105491  0.01105578  0.01105625  0.01105628\n",
      "  0.01105628  0.01105628  0.01105628  0.01105628  0.01105628  0.01105628\n",
      "  0.01105628  0.01105628  0.01105628  0.01105628  0.01105628  0.01105628\n",
      "  0.01105628  0.01105628  0.01105628  0.01105628  0.01105628  0.01105628\n",
      "  0.01105628  0.01105628  0.01105628  0.01105628  0.01105628  0.01105628\n",
      "  0.01105628  0.01105628  0.01105628  0.01105628  0.01105628  0.01105628\n",
      "  0.01105628  0.01105628  0.01105628  0.01105628  0.01105628  0.01105628\n",
      "  0.01105628  0.01105628  0.01105628]\n",
      "s [array([26]), array([9]), array([80])]\n",
      "\n",
      "Iteration: 3\n",
      "Y [0, 1, 2, 3, 4, 5, 6, 7, 8, 10, 11, 12, 14, 15, 16, 18, 19, 20, 21, 22, 23, 24, 27, 28, 29, 30, 31, 32, 33, 34, 35, 36, 37, 38, 39, 41, 42, 43, 44, 45, 46, 47, 48, 49, 50, 51, 52, 53, 54, 55, 56, 57, 58, 59, 60, 61, 62, 64, 65, 66, 67, 68, 69, 70, 71, 72, 73, 74, 75, 76, 77, 78, 79, 81, 82, 83, 84, 85, 86, 87, 88, 89, 90, 91, 92, 93, 95, 96, 97, 98, 99]\n",
      "p [ 0.01136177  0.01136177  0.01136177  0.01136174  0.01135796  0.01128521\n",
      "  0.01115232  0.01107749  0.00717856  0.01136177  0.01136177  0.01136177\n",
      "  0.01128521  0.00982412  0.00718162  0.00974859  0.00718162  0.01136177\n",
      "  0.01136177  0.01136177  0.01136036  0.01115367  0.00717856  0.01107749\n",
      "  0.01115232  0.01136177  0.01136177  0.01136177  0.01136125  0.01128521\n",
      "  0.00982412  0.007182    0.00982411  0.01128471  0.01135985  0.01136177\n",
      "  0.01136177  0.01136174  0.01135796  0.01128521  0.01115367  0.01128521\n",
      "  0.01135795  0.01136174  0.01136036  0.01136125  0.01136174  0.01136177\n",
      "  0.01136174  0.01136125  0.01136036  0.01136125  0.01136174  0.01136177\n",
      "  0.01115367  0.01128521  0.01135796  0.01136177  0.01136177  0.01136177\n",
      "  0.01136177  0.01136177  0.01136177  0.00718201  0.00982412  0.01128521\n",
      "  0.01136125  0.01136177  0.01136177  0.01136177  0.01136177  0.01136177\n",
      "  0.01136177  0.00718201  0.01115367  0.01136036  0.01136177  0.01136177\n",
      "  0.01136177  0.01136177  0.01136177  0.01136177  0.00718201  0.00982412\n",
      "  0.01128521  0.01136125  0.01136177  0.01136177  0.01136177  0.01136177\n",
      "  0.01136177  0.01136177]\n",
      "s [array([26]), array([9]), array([80]), array([94])]\n",
      "\n",
      "Iteration: 4\n",
      "Y [0, 1, 2, 3, 4, 5, 6, 7, 8, 10, 11, 12, 14, 15, 16, 18, 19, 20, 21, 22, 23, 24, 27, 28, 29, 30, 31, 32, 33, 34, 35, 36, 37, 38, 39, 41, 42, 43, 44, 45, 46, 47, 48, 49, 50, 51, 52, 53, 54, 55, 56, 57, 58, 59, 60, 61, 62, 64, 65, 66, 67, 68, 69, 70, 71, 72, 73, 74, 75, 76, 77, 78, 79, 81, 82, 83, 84, 85, 86, 87, 89, 90, 91, 92, 93, 95, 96, 97, 98, 99]\n",
      "p [ 0.0116881   0.0116881   0.0116881   0.01168807  0.01168418  0.01160935\n",
      "  0.01147264  0.01139566  0.00738475  0.0116881   0.0116881   0.0116881\n",
      "  0.01160935  0.01010629  0.00738789  0.01002859  0.00738789  0.0116881\n",
      "  0.0116881   0.0116881   0.01168666  0.01147402  0.00738475  0.01139566\n",
      "  0.01147264  0.0116881   0.0116881   0.0116881   0.01168757  0.01160935\n",
      "  0.01010628  0.00738828  0.01010628  0.01160884  0.01168613  0.0116881\n",
      "  0.0116881   0.01168807  0.01168418  0.01160935  0.01147402  0.01160935\n",
      "  0.01168418  0.01168807  0.01168666  0.01168757  0.01168807  0.0116881\n",
      "  0.01168807  0.01168757  0.01168666  0.01168757  0.01168807  0.0116881\n",
      "  0.01147403  0.01160935  0.01168415  0.01168666  0.01168757  0.01168807\n",
      "  0.0116881   0.0116881   0.0116881   0.00738829  0.01010626  0.01160543\n",
      "  0.01160882  0.01147402  0.01160935  0.01168418  0.01168807  0.0116881\n",
      "  0.0116881   0.00738778  0.01139532  0.01010486  0.00738829  0.01010629\n",
      "  0.01160935  0.01168757  0.0116881   0.0116881   0.00738829  0.01010486\n",
      "  0.01139532  0.00738778  0.00738829  0.01147403  0.01168666  0.0116881\n",
      "  0.0116881 ]\n",
      "s [array([26]), array([9]), array([80]), array([94]), array([88])]\n",
      "\n",
      "Iteration: 5\n",
      "Y [0, 1, 2, 3, 4, 6, 7, 8, 10, 11, 12, 14, 15, 16, 18, 19, 20, 21, 22, 23, 24, 27, 28, 29, 30, 31, 32, 33, 34, 35, 36, 37, 38, 39, 41, 42, 43, 44, 45, 46, 47, 48, 49, 50, 51, 52, 53, 54, 55, 56, 57, 58, 59, 60, 61, 62, 64, 65, 66, 67, 68, 69, 70, 71, 72, 73, 74, 75, 76, 77, 78, 79, 81, 82, 83, 84, 85, 86, 87, 89, 90, 91, 92, 93, 95, 96, 97, 98, 99]\n",
      "p [ 0.01212416  0.01212416  0.01212416  0.01212414  0.0121201   0.01204247\n",
      "  0.01190066  0.01182082  0.00766026  0.01212416  0.01212416  0.01212416\n",
      "  0.01204247  0.01048334  0.00766352  0.01040274  0.00766352  0.01212416\n",
      "  0.01212416  0.01212416  0.01212267  0.0119021   0.00766026  0.01182082\n",
      "  0.01190066  0.01212416  0.01212416  0.01212416  0.01212361  0.01204247\n",
      "  0.01048333  0.00766393  0.01048333  0.01204194  0.01212212  0.01212416\n",
      "  0.01212416  0.01212414  0.0121201   0.01204247  0.0119021   0.01204247\n",
      "  0.0121201   0.01212414  0.01212267  0.01212361  0.01212414  0.01212416\n",
      "  0.01212414  0.01212361  0.01212264  0.01212306  0.01212264  0.01212361\n",
      "  0.0119021   0.01204247  0.01212007  0.01212267  0.01212359  0.01212007\n",
      "  0.01204247  0.0119021   0.01204247  0.00766393  0.01048331  0.01203841\n",
      "  0.01204192  0.0119021   0.01204192  0.01203841  0.01048331  0.00766393\n",
      "  0.01048334  0.0076634   0.01182047  0.01048186  0.00766393  0.01048186\n",
      "  0.01182047  0.0076634   0.00766393  0.00766393  0.01048186  0.01182047\n",
      "  0.0076634   0.0076634   0.01182047  0.01048186  0.00766393  0.01048334]\n",
      "s [array([26]), array([9]), array([80]), array([94]), array([88]), array([5])]\n",
      "\n",
      "Iteration: 6\n",
