{
 "cells": [
  {
   "cell_type": "markdown",
   "metadata": {},
   "source": [
    "# Determinantal Point Process in Python\n",
    "\n",
    "First, let's start the environment."
   ]
  },
  {
   "cell_type": "code",
   "execution_count": 3,
   "metadata": {
    "collapsed": false
   },
   "outputs": [],
   "source": [
    "import numpy as np\n",
    "import matplotlib.pyplot as plt\n",
    "\n",
    "# This is a bit of magic to make matplotlib figures appear inline in the notebook\n",
    "# rather than in a new window.\n",
    "%matplotlib inline\n",
    "plt.rcParams['figure.figsize'] = (10.0, 8.0) # set default size of plots\n",
    "plt.rcParams['image.interpolation'] = 'nearest'\n",
    "plt.rcParams['image.cmap'] = 'gray'\n",
    "\n",
    "# Some more magic so that the notebook will reload external python modules;\n",
    "# see http://stackoverflow.com/questions/1907993/autoreload-of-modules-in-ipython\n",
    "%load_ext autoreload\n",
    "%autoreload 2"
   ]
  },
  {
   "cell_type": "markdown",
   "metadata": {},
   "source": [
    "# Questions\n",
    "\n",
    "1. How do I define a $L$ kernel? Can it be defined through $B^T B$?\n",
    "2. The kernel $K$ can be seen as a cumulative function of $L$, since it computes $P_K(A \\subseteq \\mathbf{Y})$ instead of $P_L(\\mathbf{Y} = A)$?"
   ]
  },
  {
   "cell_type": "code",
   "execution_count": 4,
   "metadata": {
    "collapsed": false
   },
   "outputs": [
    {
     "name": "stdout",
     "output_type": "stream",
     "text": [
      "[[0]\n",
      " [1]\n",
      " [2]\n",
      " [3]\n",
      " [4]\n",
      " [5]\n",
      " [6]\n",
      " [7]\n",
      " [8]\n",
      " [9]]\n",
      "[0 1 2 3 4 5 6 7 8 9]\n",
      "[[ 0 -1 -2 -3 -4 -5 -6 -7 -8 -9]\n",
      " [ 1  0 -1 -2 -3 -4 -5 -6 -7 -8]\n",
      " [ 2  1  0 -1 -2 -3 -4 -5 -6 -7]\n",
      " [ 3  2  1  0 -1 -2 -3 -4 -5 -6]\n",
      " [ 4  3  2  1  0 -1 -2 -3 -4 -5]\n",
      " [ 5  4  3  2  1  0 -1 -2 -3 -4]\n",
      " [ 6  5  4  3  2  1  0 -1 -2 -3]\n",
      " [ 7  6  5  4  3  2  1  0 -1 -2]\n",
      " [ 8  7  6  5  4  3  2  1  0 -1]\n",
      " [ 9  8  7  6  5  4  3  2  1  0]]\n",
      "\n",
      "[[0 0 0 0 0 0 0 0 0 0]\n",
      " [1 1 1 1 1 1 1 1 1 1]\n",
      " [2 2 2 2 2 2 2 2 2 2]\n",
      " [3 3 3 3 3 3 3 3 3 3]\n",
      " [4 4 4 4 4 4 4 4 4 4]\n",
      " [5 5 5 5 5 5 5 5 5 5]\n",
      " [6 6 6 6 6 6 6 6 6 6]\n",
      " [7 7 7 7 7 7 7 7 7 7]\n",
      " [8 8 8 8 8 8 8 8 8 8]\n",
      " [9 9 9 9 9 9 9 9 9 9]]\n",
      "[[0 1 2 3 4 5 6 7 8 9]\n",
      " [0 1 2 3 4 5 6 7 8 9]\n",
      " [0 1 2 3 4 5 6 7 8 9]\n",
      " [0 1 2 3 4 5 6 7 8 9]\n",
      " [0 1 2 3 4 5 6 7 8 9]\n",
      " [0 1 2 3 4 5 6 7 8 9]\n",
      " [0 1 2 3 4 5 6 7 8 9]\n",
      " [0 1 2 3 4 5 6 7 8 9]\n",
      " [0 1 2 3 4 5 6 7 8 9]\n",
      " [0 1 2 3 4 5 6 7 8 9]]\n",
      "[[ 0 -1 -2 -3 -4 -5 -6 -7 -8 -9]\n",
      " [ 1  0 -1 -2 -3 -4 -5 -6 -7 -8]\n",
      " [ 2  1  0 -1 -2 -3 -4 -5 -6 -7]\n",
      " [ 3  2  1  0 -1 -2 -3 -4 -5 -6]\n",
      " [ 4  3  2  1  0 -1 -2 -3 -4 -5]\n",
      " [ 5  4  3  2  1  0 -1 -2 -3 -4]\n",
      " [ 6  5  4  3  2  1  0 -1 -2 -3]\n",
      " [ 7  6  5  4  3  2  1  0 -1 -2]\n",
      " [ 8  7  6  5  4  3  2  1  0 -1]\n",
      " [ 9  8  7  6  5  4  3  2  1  0]]\n"
     ]
    }
   ],
   "source": [
    "# Understanding broadcasting, used by Kulesza in the MATLAB code (bsxfun)\n",
    "A = np.arange(0,10) \n",
    "print A[np.newaxis].T\n",
    "print A\n",
    "print A[np.newaxis].T - A\n",
    "# You're taking the first elem, say [0], you fill it until it reaches the same rank of A, then you subtract [0] by\n",
    "# every element in A\n",
    "\n",
    "# it's like I stacked A[np.newaxis].T until it had 9 dims\n",
    "print \"\"\n",
    "print np.tile(A[np.newaxis].T, (1,10))\n",
    "print np.tile(A, (10,1)) \n",
    "print np.tile(A[np.newaxis].T, (1,10)) - np.tile(A, (10,1))"
   ]
  },
  {
   "cell_type": "code",
   "execution_count": 5,
   "metadata": {
    "collapsed": false,
    "scrolled": false
   },
   "outputs": [
    {
     "name": "stdout",
     "output_type": "stream",
     "text": [
      "\n",
      "(xx - xx.T):\n",
      "[[ 0.  -0.1 -0.2 ..., -0.7 -0.8 -0.9]\n",
      " [ 0.1  0.  -0.1 ..., -0.6 -0.7 -0.8]\n",
      " [ 0.2  0.1  0.  ..., -0.5 -0.6 -0.7]\n",
      " ..., \n",
      " [ 0.7  0.6  0.5 ...,  0.  -0.1 -0.2]\n",
      " [ 0.8  0.7  0.6 ...,  0.1  0.  -0.1]\n",
      " [ 0.9  0.8  0.7 ...,  0.2  0.1  0. ]]\n",
      "\n",
      "(xx - xx.T)**2:\n",
      "[[ 0.    0.01  0.04 ...,  0.49  0.64  0.81]\n",
      " [ 0.01  0.    0.01 ...,  0.36  0.49  0.64]\n",
      " [ 0.04  0.01  0.   ...,  0.25  0.36  0.49]\n",
      " ..., \n",
      " [ 0.49  0.36  0.25 ...,  0.    0.01  0.04]\n",
      " [ 0.64  0.49  0.36 ...,  0.01  0.    0.01]\n",
      " [ 0.81  0.64  0.49 ...,  0.04  0.01  0.  ]]\n",
      "\n",
      "(xx - xx.T)**2 + (yy - yy.T)**2:\n",
      "[[ 0.    0.01  0.04 ...,  1.3   1.45  1.62]\n",
      " [ 0.01  0.    0.01 ...,  1.17  1.3   1.45]\n",
      " [ 0.04  0.01  0.   ...,  1.06  1.17  1.3 ]\n",
      " ..., \n",
      " [ 1.3   1.17  1.06 ...,  0.    0.01  0.04]\n",
      " [ 1.45  1.3   1.17 ...,  0.01  0.    0.01]\n",
      " [ 1.62  1.45  1.3  ...,  0.04  0.01  0.  ]]\n",
      "\n",
      "np.exp((xx - xx.T)**2 + (yy - yy.T)**2):\n",
      "[[ 1.          1.01005017  1.04081077 ...,  3.66929667  4.26311452\n",
      "   5.05309032]\n",
      " [ 1.01005017  1.          1.01005017 ...,  3.22199264  3.66929667\n",
      "   4.26311452]\n",
      " [ 1.04081077  1.01005017  1.         ...,  2.88637099  3.22199264\n",
      "   3.66929667]\n",
      " ..., \n",
      " [ 3.66929667  3.22199264  2.88637099 ...,  1.          1.01005017\n",
      "   1.04081077]\n",
      " [ 4.26311452  3.66929667  3.22199264 ...,  1.01005017  1.          1.01005017]\n",
      " [ 5.05309032  4.26311452  3.66929667 ...,  1.04081077  1.01005017  1.        ]]\n",
      "\n",
      "np.exp(-0.5 * ((xx - xx.T)**2 + (yy - yy.T)**2)):\n",
      "[[ 1.          0.99501248  0.98019867 ...,  0.52204578  0.48432457\n",
      "   0.44485807]\n",
      " [ 0.99501248  1.          0.99501248 ...,  0.55710586  0.52204578\n",
      "   0.48432457]\n",
      " [ 0.98019867  0.99501248  1.         ...,  0.58860497  0.55710586\n",
      "   0.52204578]\n",
      " ..., \n",
      " [ 0.52204578  0.55710586  0.58860497 ...,  1.          0.99501248\n",
      "   0.98019867]\n",
      " [ 0.48432457  0.52204578  0.55710586 ...,  0.99501248  1.          0.99501248]\n",
      " [ 0.44485807  0.48432457  0.52204578 ...,  0.98019867  0.99501248  1.        ]]\n",
      "\n",
      "np.exp(-0.5 * ((xx - xx.T)**2 + (yy - yy.T)**2) / sigma**2):\n",
      "[[  1.00000000e+00   6.06530660e-01   1.35335283e-01 ...,   5.90009054e-29\n",
      "    3.26324786e-32   6.63967720e-36]\n",
      " [  6.06530660e-01   1.00000000e+00   6.06530660e-01 ...,   3.92439586e-26\n",
      "    5.90009054e-29   3.26324786e-32]\n",
      " [  1.35335283e-01   6.06530660e-01   1.00000000e+00 ...,   9.60268005e-24\n",
      "    3.92439586e-26   5.90009054e-29]\n",
      " ..., \n",
      " [  5.90009054e-29   3.92439586e-26   9.60268005e-24 ...,   1.00000000e+00\n",
      "    6.06530660e-01   1.35335283e-01]\n",
      " [  3.26324786e-32   5.90009054e-29   3.92439586e-26 ...,   6.06530660e-01\n",
      "    1.00000000e+00   6.06530660e-01]\n",
      " [  6.63967720e-36   3.26324786e-32   5.90009054e-29 ...,   1.35335283e-01\n",
      "    6.06530660e-01   1.00000000e+00]]\n"
     ]
    }
   ],
   "source": [
    "n = 10 # thus, N = n^2. As I'm sampling from a plane, D = 2\n",
    "sigma = 0.1 \n",
    "grid_points = np.arange(n) / float(n)\n",
    "xx, yy = np.meshgrid(grid_points, grid_points) # every possibility in the grid\n",
    "\n",
    "xx = xx.flatten()[np.newaxis].T\n",
    "yy = yy.flatten()[np.newaxis].T\n",
    "\n",
    "print \"\\n(xx - xx.T):\\n\", (xx - xx.T)\n",
    "print \"\\n(xx - xx.T)**2:\\n\",(xx - xx.T)**2 \n",
    "print \"\\n(xx - xx.T)**2 + (yy - yy.T)**2:\\n\", (xx - xx.T)**2 + (yy - yy.T)**2 \n",
    "print \"\\nnp.exp((xx - xx.T)**2 + (yy - yy.T)**2):\\n\", np.exp((xx - xx.T)**2 + (yy - yy.T)**2)\n",
    "print \"\\nnp.exp(-0.5 * ((xx - xx.T)**2 + (yy - yy.T)**2)):\\n\", np.exp(-0.5 * ((xx - xx.T)**2 + (yy - yy.T)**2))\n",
    "print \"\\nnp.exp(-0.5 * ((xx - xx.T)**2 + (yy - yy.T)**2) / sigma**2):\\n\", np.exp(-0.5 * ((xx - xx.T)**2 + (yy - yy.T)**2) / sigma**2)\n",
    "L = np.exp(-0.5 * ((xx - xx.T)**2 + (yy - yy.T)**2) / sigma**2)"
   ]
  },
  {
   "cell_type": "code",
   "execution_count": 6,
   "metadata": {
    "collapsed": false
   },
   "outputs": [
    {
     "name": "stdout",
     "output_type": "stream",
     "text": [
      "the pair (xx[i], yy[i]) contains every possible grid configuration\n",
      "xx: (100, 1)\n",
      "yy: (100, 1)\n",
      "L: (100, 100)\n"
     ]
    }
   ],
   "source": [
    "print \"the pair (xx[i], yy[i]) contains every possible grid configuration\"\n",
    "print \"xx:\", xx.shape\n",
    "print \"yy:\", yy.shape\n",
    "print \"L:\", L.shape"
   ]
  },
  {
   "cell_type": "markdown",
   "metadata": {},
   "source": [
    "Mapping indices position to every point in the grid"
   ]
  },
  {
   "cell_type": "code",
   "execution_count": 40,
   "metadata": {
    "collapsed": false
   },
   "outputs": [
    {
     "name": "stdout",
     "output_type": "stream",
     "text": [
      "[[ 0.   0. ]\n",
      " [ 0.5  0. ]\n",
      " [ 0.5  0.5]\n",
      " [ 0.9  0.9]]\n",
      "[ 0.  0.]\n"
     ]
    }
   ],
   "source": [
    "#idx_to_point = { i: point for i, point in enumerate(zip(xx,yy)) }\n",
    "#print idx_to_point[0][0][0]\n",
    "\n",
    "idx_to_point = np.hstack((xx, yy))\n",
    "point_to_idx = { tuple(point): i for i, point in enumerate(idx_to_point) }\n",
    "\n",
    "print idx_to_point[[0,5,55,99]]\n",
    "print idx_to_point[0]\n",
    "\n",
    "# can't convert floating points to indices\n",
    "#print point_to_idx[(1,0)]\n",
    "#print point_to_idx"
   ]
  },
  {
   "cell_type": "markdown",
   "metadata": {},
   "source": [
    "## Computing probabilities using the ensemble kernel $L$\n",
    "\n",
    "First, computing individual probabilities."
   ]
  },
  {
   "cell_type": "code",
   "execution_count": 8,
   "metadata": {
    "collapsed": false
   },
   "outputs": [
    {
     "name": "stdout",
     "output_type": "stream",
     "text": [
      "Pr(Y = 0) = 1.0\n",
      "Pr(Y = 1) = 1.0\n"
     ]
    }
   ],
   "source": [
    "# Computing some probabilities using L-ensembles\n",
    "\n",
    "# computing the probability of a singleton {i}, i.e., a set containing a single element\n",
    "# np.linalg.det(L[0,0])\n",
    "print \"Pr(Y = 0) =\", L[0,0]\n",
    "print \"Pr(Y = 1) =\", L[1,1]"
   ]
  },
  {
   "cell_type": "markdown",
   "metadata": {},
   "source": [
    "Probabilities of more elements."
   ]
  },
  {
   "cell_type": "code",
   "execution_count": 9,
   "metadata": {
    "collapsed": false
   },
   "outputs": [
    {
     "name": "stdout",
     "output_type": "stream",
     "text": [
      "probability of selecting elements (0,0) and (1,0) in the grid\n",
      "[[ 1.          0.60653066]\n",
      " [ 0.60653066  1.        ]]\n",
      "0.632120558829\n",
      "by hand: 0.63212055848\n",
      "\n",
      "probability of selecting elements (0,0),(1,0),(2,0) in the grid\n",
      "[[ 1.          0.60653066  0.13533528]\n",
      " [ 0.60653066  1.          0.60653066]\n",
      " [ 0.13533528  0.60653066  1.        ]]\n",
      "0.345499615504\n",
      "\n",
      "probability of including all points\n",
      "\n",
      "[[  1.00000000e+00   6.06530660e-01   1.35335283e-01 ...,   5.90009054e-29\n",
      "    3.26324786e-32   6.63967720e-36]\n",
      " [  6.06530660e-01   1.00000000e+00   6.06530660e-01 ...,   3.92439586e-26\n",
      "    5.90009054e-29   3.26324786e-32]\n",
      " [  1.35335283e-01   6.06530660e-01   1.00000000e+00 ...,   9.60268005e-24\n",
      "    3.92439586e-26   5.90009054e-29]\n",
      " ..., \n",
      " [  5.90009054e-29   3.92439586e-26   9.60268005e-24 ...,   1.00000000e+00\n",
      "    6.06530660e-01   1.35335283e-01]\n",
      " [  3.26324786e-32   5.90009054e-29   3.92439586e-26 ...,   6.06530660e-01\n",
      "    1.00000000e+00   6.06530660e-01]\n",
      " [  6.63967720e-36   3.26324786e-32   5.90009054e-29 ...,   1.35335283e-01\n",
      "    6.06530660e-01   1.00000000e+00]]\n",
      "3.6363232855e-51\n"
     ]
    }
   ],
   "source": [
    "print \"probability of selecting elements (0,0) and (1,0) in the grid\"\n",
    "print L[0:2, 0:2]\n",
    "print np.linalg.det(L[0:2, 0:2])\n",
    "print \"by hand:\", 1*1 - 0.60653066**2\n",
    "print \n",
    "print \"probability of selecting elements (0,0),(1,0),(2,0) in the grid\"\n",
    "print L[0:3, 0:3]\n",
    "print np.linalg.det(L[0:3, 0:3])\n",
    "print\n",
    "print \"probability of including all points\"\n",
    "print \"\\n\", L\n",
    "print np.linalg.det(L)\n",
    "\n",
    "#print \"\\n\", L[3, 3]\n",
    "#print np.linalg.det(L[0:3, 0:3])\n"
   ]
  },
  {
   "cell_type": "code",
   "execution_count": 10,
   "metadata": {
    "collapsed": false
   },
   "outputs": [
    {
     "name": "stdout",
     "output_type": "stream",
     "text": [
      "[[1 2 3 1]\n",
      " [4 5 6 2]\n",
      " [7 8 9 3]\n",
      " [0 0 0 4]]\n"
     ]
    },
    {
     "data": {
      "text/plain": [
       "array([[1, 3, 1],\n",
       "       [7, 9, 3],\n",
       "       [0, 0, 4]])"
      ]
     },
     "execution_count": 10,
     "metadata": {},
     "output_type": "execute_result"
    }
   ],
   "source": [
    "# taking all but one column trick\n",
    "A = np.array([[1,2,3,1],[4,5,6,2],[7,8,9,3],[0,0,0,4]])\n",
    "print A\n",
    "A[ [[0],[2],[3]] , [0,2,3] ]"
   ]
  },
  {
   "cell_type": "code",
   "execution_count": 11,
   "metadata": {
    "collapsed": false
   },
   "outputs": [
    {
     "name": "stdout",
     "output_type": "stream",
     "text": [
      "i = {0,1,2}: 0.345499615504\n",
      "i = {0,1,3}: 0.615505274067\n",
      "i = {0,1,4}: 0.632001557148\n",
      "i = {0,1,9}: 0.632120558829\n",
      "\n",
      "As expected, the set {0,1,2} has lower probability than other sets with more distant numbers, such as {0,1,3}, {0,1,9}\n"
     ]
    }
   ],
   "source": [
    "print \"i = {0,1,2}:\", \n",
    "#print L[ [[0],[1],[2]] , [0,1,2] ]\n",
    "print np.linalg.det(L[ [[0],[1],[2]] , [0,1,2] ])\n",
    "\n",
    "print \"i = {0,1,3}:\", \n",
    "#print L[ [[0],[1],[3]] , [0,1,3] ]\n",
    "print np.linalg.det(L[ [[0],[1],[3]] , [0,1,3] ])\n",
    "\n",
    "print \"i = {0,1,4}:\", \n",
    "#print L[ [[0],[1],[4]] , [0,1,4] ]\n",
    "print np.linalg.det(L[ [[0],[1],[4]] , [0,1,4] ])\n",
    "\n",
    "print \"i = {0,1,9}:\", \n",
    "#print L[ [[0],[1],[9]] , [0,1,9] ]\n",
    "print np.linalg.det(L[ [[0],[1],[9]] , [0,1,9] ])\n",
    "\n",
    "print \"\\nAs expected, the set {0,1,2} has lower probability than other sets with more distant numbers,\",\n",
    "print \"such as {0,1,3}, {0,1,9}\""
   ]
  },
  {
   "cell_type": "code",
   "execution_count": 12,
   "metadata": {
    "collapsed": false
   },
   "outputs": [
    {
     "name": "stdout",
     "output_type": "stream",
     "text": [
      "[[0], [3]]\n",
      "[[1 1]\n",
      " [0 4]]\n"
     ]
    }
   ],
   "source": [
    "# coding a way to use only the elements that i'm interested\n",
    "A = np.array([[1,2,3,1],[4,5,6,2],[7,8,9,3],[0,0,0,4]])\n",
    "selected_items = [0,3]\n",
    "#br_idxs = map(lambda x: list(x), selected_items) # broadcasted items\n",
    "br_idxs = [[a] for a in selected_items]\n",
    "\n",
    "print br_idxs\n",
    "print A[br_idxs, selected_items]"
   ]
  },
  {
   "cell_type": "markdown",
   "metadata": {},
   "source": [
    "## Computing kernel $K$ from ensemble $L$\n",
    "\n",
    "There are two ways to compute the marginal kernel $K$. Using the following operation:\n",
    "\n",
    "$K = L (L+I)^{-1}$.\n",
    "\n",
    "Or using the eigendecomposition of $L$:\n",
    "\n",
    "$K = \\sum_{n=1}^N{( \\frac{\\lambda_n}{\\lambda_n + 1} \\mathbf{v_n} \\mathbf{v_n}^T )}$."
   ]
  },
  {
   "cell_type": "code",
   "execution_count": 13,
   "metadata": {
    "collapsed": false
   },
   "outputs": [
    {
     "name": "stdout",
     "output_type": "stream",
     "text": [
      "K = [[  2.92187927e+00   2.40410551e+00   1.02997297e+00 ...,   2.41262239e-14\n",
      "    5.67511804e-16   8.09344647e-18]\n",
      " [  2.40410551e+00   3.43187738e+00   2.51790147e+00 ...,   6.22352262e-13\n",
      "    2.41262239e-14   5.67511804e-16]\n",
      " [  1.02997297e+00   2.51790147e+00   3.45726869e+00 ...,   9.73321340e-12\n",
      "    6.22352262e-13   2.41262239e-14]\n",
      " ..., \n",
      " [  2.41262239e-14   6.22352262e-13   9.73321340e-12 ...,   3.45726869e+00\n",
      "    2.51790147e+00   1.02997297e+00]\n",
      " [  5.67511804e-16   2.41262239e-14   6.22352262e-13 ...,   2.51790147e+00\n",
      "    3.43187738e+00   2.40410551e+00]\n",
      " [  8.09344647e-18   5.67511804e-16   2.41262239e-14 ...,   1.02997297e+00\n",
      "    2.40410551e+00   2.92187927e+00]]\n"
     ]
    }
   ],
   "source": [
    "import scipy.linalg\n",
    "\n",
    "# Using the first form:\n",
    "K = L.dot( L + np.eye(L.shape[0], L.shape[1]) )\n",
    "print \"K =\", K\n",
    "\n",
    "\n",
    "# or using eigendecomposition:\n",
    "#eV, eD = scipy.linalg.eig(L)\n",
    "#\n",
    "# (eV / (eV + 1.0))\n",
    "#Lrecomp = np.zeros_like(eD)\n",
    "#for i in xrange(eD.shape[0]):\n",
    "#    print (eV[i]/(eV[i] + 1))\n",
    "#    print (eD[i].dot(eD[i].T))\n",
    "#    Lrecomp[i,:] = (eV[i]/(eV[i] + 1)) * eD[i].dot(eD[i].T)\n",
    "\n"
   ]
  },
  {
   "cell_type": "code",
   "execution_count": 14,
   "metadata": {
    "collapsed": false
   },
   "outputs": [
    {
     "name": "stdout",
     "output_type": "stream",
     "text": [
      "i = {0,1,2}: 4.99038723497\n",
      "i = {0,1,3}: 12.6287989816\n",
      "i = {0,1,4}: 14.5252532566\n",
      "i = {0,1,9}: 12.4115823498\n"
     ]
    }
   ],
   "source": [
    "# computing the same previous probabilities, but using the marginal kernel K\n",
    "def rev_idxs(items):\n",
    "    idxs_list = [[a] for a in items]\n",
    "    return idxs_list, items\n",
    "\n",
    "print \"i = {0,1,2}:\",\n",
    "print np.linalg.det(K[ rev_idxs([0,1,2]) ])\n",
    "\n",
    "print \"i = {0,1,3}:\",\n",
    "print np.linalg.det(K[ rev_idxs([0,1,3]) ])\n",
    "\n",
    "print \"i = {0,1,4}:\",\n",
    "print np.linalg.det(K[ rev_idxs([0,1,4]) ])\n",
    "\n",
    "print \"i = {0,1,9}:\",\n",
    "print np.linalg.det(K[ rev_idxs([0,1,9]) ])"
   ]
  },
  {
   "cell_type": "markdown",
   "metadata": {},
   "source": [
    "As ensemble $L$, notice that $K$ is not necessarily normalized, as it is also a state of proportionality. Also, $K$ computes a different probability of $L$. $K$ comprises the marginal probabilities of inclusion for subsets $A$, while $L$ specifies atomic probabilities for every possible instantiation of $\\mathbf{Y}$."
   ]
  },
  {
   "cell_type": "markdown",
   "metadata": {},
   "source": [
    "## Dummy sampling algorithm\n",
    "\n",
    "A dummy sampling approach consists of sampling an element a subset/element $A = {i}$ with probability $P(A = \\{i\\})$. After sampling the first element, we recompute the probabilities, but conditioning on the value that was previously sampled. Kulesza et al. presents a better approach based on the eigendecomposition, that we shall see further ahead.\n",
    "\n",
    "In this sampling problem, we shall consider the same example of sampling a set of points $\\{1,2,\\dots,n\\}$ from a 2D grid. Reintroducing the data:"
   ]
  },
  {
   "cell_type": "code",
   "execution_count": 72,
   "metadata": {
    "collapsed": false
   },
   "outputs": [],
   "source": [
    "n = 10 # thus, N = n^2. As I'm sampling from a plane, D = 2\n",
    "sigma = 0.1 \n",
    "grid_points = np.arange(n) / float(n)"
   ]
  },
  {
   "cell_type": "markdown",
   "metadata": {},
   "source": [
    "Defining functions to compute probabilities:"
   ]
  },
  {
   "cell_type": "code",
   "execution_count": null,
   "metadata": {
    "collapsed": false
   },
   "outputs": [],
   "source": [
    "from dpp import DPP\n",
    "            \n",
    "dpp_grid = DPP(grid_points)\n",
    "\n",
    "print \"sanity check\"\n",
    "print \"i = {0,1,2}:\", dpp_grid.prob([0,1,2])\n",
    "print \"i = {1,2,3}:\", dpp_grid.prob([1,2,3])\n",
    "print \n",
    "print \"sampling distance points in the grid:\"\n",
    "print \"i = {0,50,99}:\", dpp_grid.prob([0,50,99]) # selecting distant points in the diagonal\n",
    "print \"i = {0,33,77}:\", dpp_grid.prob([0,33,77])\n",
    "print \"i = {0,10,20}:\", dpp_grid.prob([0,10,20])\n",
    "print \"i = {0,5,10}:\", dpp_grid.prob([0,5,10])\n",
    "print\n",
    "print \"conditional probabilities\"\n",
    "print \"i = {0,1,2}:\", dpp_grid.prob([0,1,2])\n",
    "print \"B = {3} | A = {0,1,2}:\", dpp_grid.cond_prob([3], [0,1,2])\n",
    "print \"B = {4} | A = {0,1,2}:\", dpp_grid.cond_prob([4], [0,1,2])\n",
    "print \"B = {9} | A = {0,1,2}:\", dpp_grid.cond_prob([9], [0,1,2])\n",
    "print \n",
    "print \"B = {2} | A = {0,1}:\", dpp_grid.cond_prob([2], [0,1])\n",
    "print \"B = {3} | A = {0,1}:\", dpp_grid.cond_prob([3], [0,1])\n",
    "print \"B = {99} | A = {0,50}:\", dpp_grid.cond_prob([99], [0,50])"
   ]
  },
  {
   "cell_type": "code",
   "execution_count": 66,
   "metadata": {
    "collapsed": false,
    "scrolled": true
   },
   "outputs": [
    {
     "name": "stdout",
     "output_type": "stream",
     "text": [
      "Iteration: 0\n",
      "Y [0, 1, 2, 3, 4, 5, 6, 7, 8, 10, 11, 12, 13, 14, 15, 16, 17, 18, 19, 20, 21, 22, 23, 24, 25, 26, 27, 28, 29, 30, 31, 32, 33, 34, 35, 36, 37, 38, 39, 40, 41, 42, 43, 44, 45, 46, 47, 48, 49, 50, 51, 52, 53, 54, 55, 56, 57, 58, 59, 60, 61, 62, 63, 64, 65, 66, 67, 68, 69, 70, 71, 72, 73, 74, 75, 76, 77, 78, 79, 80, 81, 82, 83, 84, 85, 86, 87, 88, 89, 90, 91, 92, 93, 94, 95, 96, 97, 98, 99]\n",
      "p [ 0.01  0.01  0.01  0.01  0.01  0.01  0.01  0.01  0.01  0.01  0.01  0.01\n",
      "  0.01  0.01  0.01  0.01  0.01  0.01  0.01  0.01  0.01  0.01  0.01  0.01\n",
      "  0.01  0.01  0.01  0.01  0.01  0.01  0.01  0.01  0.01  0.01  0.01  0.01\n",
      "  0.01  0.01  0.01  0.01  0.01  0.01  0.01  0.01  0.01  0.01  0.01  0.01\n",
      "  0.01  0.01  0.01  0.01  0.01  0.01  0.01  0.01  0.01  0.01  0.01  0.01\n",
      "  0.01  0.01  0.01  0.01  0.01  0.01  0.01  0.01  0.01  0.01  0.01  0.01\n",
      "  0.01  0.01  0.01  0.01  0.01  0.01  0.01  0.01  0.01  0.01  0.01  0.01\n",
      "  0.01  0.01  0.01  0.01  0.01  0.01  0.01  0.01  0.01  0.01  0.01  0.01\n",
      "  0.01  0.01  0.01  0.01]\n",
      "s [array([9])]\n",
      "\n",
      "Iteration: 1\n",
      "Y [0, 1, 2, 3, 4, 5, 6, 7, 8, 10, 11, 12, 13, 14, 15, 16, 17, 19, 20, 21, 22, 23, 24, 25, 26, 27, 28, 29, 30, 31, 32, 33, 34, 35, 36, 37, 38, 39, 40, 41, 42, 43, 44, 45, 46, 47, 48, 49, 50, 51, 52, 53, 54, 55, 56, 57, 58, 59, 60, 61, 62, 63, 64, 65, 66, 67, 68, 69, 70, 71, 72, 73, 74, 75, 76, 77, 78, 79, 80, 81, 82, 83, 84, 85, 86, 87, 88, 89, 90, 91, 92, 93, 94, 95, 96, 97, 98, 99]\n",
      "p [ 0.01019595  0.01019595  0.01019595  0.01019595  0.01019595  0.01019595\n",
      "  0.0101947   0.01000921  0.00644507  0.01019595  0.01019595  0.01019595\n",
      "  0.01019595  0.01019595  0.01019595  0.01019549  0.01012725  0.00881608\n",
      "  0.00644507  0.01019595  0.01019595  0.01019595  0.01019595  0.01019595\n",
      "  0.01019595  0.01019593  0.01019253  0.01012725  0.01000921  0.01019595\n",
      "  0.01019595  0.01019595  0.01019595  0.01019595  0.01019595  0.01019595\n",
      "  0.01019593  0.01019549  0.0101947   0.01019595  0.01019595  0.01019595\n",
      "  0.01019595  0.01019595  0.01019595  0.01019595  0.01019595  0.01019595\n",
      "  0.01019595  0.01019595  0.01019595  0.01019595  0.01019595  0.01019595\n",
      "  0.01019595  0.01019595  0.01019595  0.01019595  0.01019595  0.01019595\n",
      "  0.01019595  0.01019595  0.01019595  0.01019595  0.01019595  0.01019595\n",
      "  0.01019595  0.01019595  0.01019595  0.01019595  0.01019595  0.01019595\n",
      "  0.01019595  0.01019595  0.01019595  0.01019595  0.01019595  0.01019595\n",
      "  0.01019595  0.01019595  0.01019595  0.01019595  0.01019595  0.01019595\n",
      "  0.01019595  0.01019595  0.01019595  0.01019595  0.01019595  0.01019595\n",
      "  0.01019595  0.01019595  0.01019595  0.01019595  0.01019595  0.01019595\n",
      "  0.01019595  0.01019595  0.01019595]\n",
      "s [array([9]), array([18])]\n",
      "\n",
      "Iteration: 2\n",
      "Y [0, 1, 2, 3, 4, 5, 6, 7, 8, 10, 11, 12, 13, 14, 15, 16, 17, 19, 20, 21, 22, 23, 24, 25, 26, 27, 28, 29, 30, 31, 32, 33, 34, 35, 36, 37, 38, 39, 41, 42, 43, 44, 45, 46, 47, 48, 49, 50, 51, 52, 53, 54, 55, 56, 57, 58, 59, 60, 61, 62, 63, 64, 65, 66, 67, 68, 69, 70, 71, 72, 73, 74, 75, 76, 77, 78, 79, 80, 81, 82, 83, 84, 85, 86, 87, 88, 89, 90, 91, 92, 93, 94, 95, 96, 97, 98, 99]\n",
      "p [ 0.01045488  0.01045488  0.01045488  0.01045488  0.01045488  0.01045435\n",
      "  0.01038003  0.00903997  0.00483138  0.01045488  0.01045488  0.01045488\n",
      "  0.01045488  0.01045488  0.01045341  0.01024098  0.0063682   0.00483138\n",
      "  0.01045488  0.01045488  0.01045488  0.01045488  0.01045488  0.01045433\n",
      "  0.01037448  0.00887439  0.0063682   0.00903997  0.01045488  0.01045488\n",
      "  0.01045488  0.01045488  0.01045488  0.01045485  0.01045084  0.01037448\n",
      "  0.01024098  0.01038003  0.01045488  0.01045488  0.01045488  0.01045488\n",
      "  0.01045488  0.01045488  0.01045485  0.01045433  0.01045341  0.01045435\n",
      "  0.01045488  0.01045488  0.01045488  0.01045488  0.01045488  0.01045488\n",
      "  0.01045488  0.01045488  0.01045488  0.01045488  0.01045488  0.01045488\n",
      "  0.01045488  0.01045488  0.01045488  0.01045488  0.01045488  0.01045488\n",
      "  0.01045488  0.01045488  0.01045488  0.01045488  0.01045488  0.01045488\n",
      "  0.01045488  0.01045488  0.01045488  0.01045488  0.01045488  0.01045488\n",
      "  0.01045488  0.01045488  0.01045488  0.01045488  0.01045488  0.01045488\n",
      "  0.01045488  0.01045488  0.01045488  0.01045488  0.01045488  0.01045488\n",
      "  0.01045488  0.01045488  0.01045488  0.01045488  0.01045488  0.01045488\n",
      "  0.01045488  0.01045488]\n",
      "s [array([9]), array([18]), array([40])]\n",
      "\n",
      "Iteration: 3\n",
      "Y [0, 1, 2, 3, 4, 5, 6, 7, 8, 10, 11, 12, 13, 14, 16, 17, 19, 20, 21, 22, 23, 24, 25, 26, 27, 28, 29, 30, 31, 32, 33, 34, 35, 36, 37, 38, 39, 41, 42, 43, 44, 45, 46, 47, 48, 49, 50, 51, 52, 53, 54, 55, 56, 57, 58, 59, 60, 61, 62, 63, 64, 65, 66, 67, 68, 69, 70, 71, 72, 73, 74, 75, 76, 77, 78, 79, 80, 81, 82, 83, 84, 85, 86, 87, 88, 89, 90, 91, 92, 93, 94, 95, 96, 97, 98, 99]\n",
      "p [ 0.01073057  0.01073057  0.01073057  0.01073057  0.01073057  0.01073003\n",
      "  0.01065375  0.00927835  0.00495878  0.01072925  0.01073008  0.01073055\n",
      "  0.01073057  0.01073057  0.01072906  0.01051104  0.00653613  0.00495878\n",
      "  0.01053403  0.01065827  0.01072697  0.01073055  0.01073057  0.01073001\n",
      "  0.01064805  0.00910841  0.00653613  0.00927835  0.00678301  0.00927835\n",
      "  0.01065827  0.01073008  0.01073057  0.01073054  0.01072643  0.01064805\n",
      "  0.01051104  0.01065375  0.00678301  0.01053403  0.01072925  0.01073057\n",
      "  0.01073057  0.01073054  0.01073001  0.01072906  0.01073003  0.00678301\n",
      "  0.00927835  0.01065827  0.01073008  0.01073057  0.01073057  0.01073057\n",
      "  0.01073057  0.01073057  0.01073057  0.01053403  0.01065827  0.01072697\n",
      "  0.01073055  0.01073057  0.01073057  0.01073057  0.01073057  0.01073057\n",
      "  0.01073057  0.01072925  0.01073008  0.01073055  0.01073057  0.01073057\n",
      "  0.01073057  0.01073057  0.01073057  0.01073057  0.01073057  0.01073057\n",
      "  0.01073057  0.01073057  0.01073057  0.01073057  0.01073057  0.01073057\n",
      "  0.01073057  0.01073057  0.01073057  0.01073057  0.01073057  0.01073057\n",
      "  0.01073057  0.01073057  0.01073057  0.01073057  0.01073057  0.01073057\n",
      "  0.01073057]\n",
      "s [array([9]), array([18]), array([40]), array([15])]\n",
      "\n",
      "Iteration: 4\n",
      "Y [0, 1, 2, 3, 4, 5, 6, 7, 8, 10, 11, 12, 13, 14, 16, 17, 19, 20, 21, 22, 23, 24, 25, 26, 27, 28, 29, 30, 31, 32, 33, 34, 35, 36, 37, 38, 39, 41, 42, 43, 44, 45, 46, 47, 48, 49, 50, 51, 52, 53, 54, 55, 56, 57, 58, 59, 60, 61, 62, 63, 64, 65, 66, 67, 68, 69, 70, 71, 72, 73, 74, 75, 76, 77, 78, 79, 80, 81, 82, 83, 84, 85, 86, 87, 88, 89, 90, 91, 92, 93, 94, 95, 96, 97, 99]\n",
      "p [ 0.01110009  0.01110009  0.01109959  0.01102529  0.00959767  0.0070166\n",
      "  0.00952632  0.00953032  0.00512951  0.01109872  0.01109959  0.0110987\n",
      "  0.01089676  0.00701608  0.00681174  0.00657943  0.0051293   0.01089679\n",
      "  0.0110253   0.01109587  0.01102527  0.00959767  0.0070166   0.00952078\n",
      "  0.00935544  0.00676121  0.00959769  0.0070166   0.00959786  0.01102528\n",
      "  0.01109587  0.01102529  0.01089679  0.01102143  0.01101142  0.010873\n",
      "  0.01102061  0.0070166   0.01089679  0.0110987   0.01109959  0.01109872\n",
      "  0.01109956  0.01109949  0.01109853  0.01109953  0.0070166   0.00959786\n",
      "  0.0110253   0.01109959  0.01110009  0.01110009  0.01110009  0.01110009\n",
      "  0.01110009  0.01110009  0.01089679  0.0110253   0.01109637  0.01110007\n",
      "  0.01110009  0.01110009  0.01110009  0.01110009  0.01110009  0.01110009\n",
      "  0.01109872  0.01109959  0.01110007  0.01110009  0.01110009  0.01110009\n",
      "  0.01110009  0.01110009  0.01110009  0.01110009  0.01110009  0.01110009\n",
      "  0.01110009  0.01110009  0.01110009  0.01110009  0.01110009  0.01110009\n",
      "  0.01110009  0.01110009  0.01110009  0.01110009  0.01110009  0.01110009\n",
      "  0.01110009  0.01110009  0.01110009  0.01110009  0.01110009  0.01110009]\n",
      "s [array([9]), array([18]), array([40]), array([15]), array([98])]\n",
      "\n",
      "Iteration: 5\n",
      "Y [0, 1, 2, 3, 4, 5, 6, 7, 8, 10, 11, 12, 13, 14, 16, 17, 19, 20, 21, 22, 23, 24, 25, 26, 27, 28, 29, 30, 31, 32, 33, 34, 35, 36, 37, 38, 39, 41, 42, 43, 44, 45, 46, 47, 48, 49, 50, 51, 52, 53, 54, 55, 56, 57, 58, 59, 61, 62, 63, 64, 65, 66, 67, 68, 69, 70, 71, 72, 73, 74, 75, 76, 77, 78, 79, 80, 81, 82, 83, 84, 85, 86, 87, 88, 89, 90, 91, 92, 93, 94, 95, 96, 97, 99]\n",
      "p [ 0.01140804  0.01140804  0.01140753  0.01133117  0.00986394  0.00721126\n",
      "  0.0097906   0.00979472  0.00527182  0.01140664  0.01140752  0.01140661\n",
      "  0.01119907  0.00721073  0.00700072  0.00676196  0.0052716   0.0111991\n",
      "  0.01133118  0.0114037   0.01133114  0.00986394  0.00721126  0.00978491\n",
      "  0.00961498  0.00694878  0.00986396  0.00721126  0.00986413  0.01133115\n",
      "  0.0114037   0.01133117  0.0111991   0.0113272   0.01131691  0.01117465\n",
      "  0.01132636  0.00721126  0.0111991   0.01140661  0.01140752  0.01140664\n",
      "  0.0114075   0.01140742  0.01140644  0.01140747  0.00721126  0.00986413\n",
      "  0.01133118  0.01140753  0.01140804  0.01140804  0.01140804  0.01140804\n",
      "  0.01140804  0.01140804  0.0111991   0.01133118  0.01140422  0.01140802\n",
      "  0.01140804  0.01140804  0.01140802  0.01140753  0.01140664  0.01140753\n",
      "  0.01140664  0.01140753  0.01140802  0.01140804  0.01140804  0.01140802\n",
      "  0.01140422  0.01133118  0.0111991   0.01133118  0.01140804  0.01140804\n",
      "  0.01140804  0.01140804  0.01140804  0.01140753  0.01133118  0.00986413\n",
      "  0.00721126  0.00986413  0.01140804  0.01140804  0.01140804  0.01140804\n",
      "  0.01140804  0.01140664  0.0111991   0.00721126  0.00721126]\n",
      "s [array([9]), array([18]), array([40]), array([15]), array([98]), array([60])]\n",
      "\n",
      "Iteration: 6\n",
      "Y [0, 1, 2, 3, 4, 5, 6, 7, 8, 10, 11, 12, 13, 14, 16, 17, 19, 20, 21, 23, 24, 25, 26, 27, 28, 29, 30, 31, 32, 33, 34, 35, 36, 37, 38, 39, 41, 42, 43, 44, 45, 46, 47, 48, 49, 50, 51, 52, 53, 54, 55, 56, 57, 58, 59, 61, 62, 63, 64, 65, 66, 67, 68, 69, 70, 71, 72, 73, 74, 75, 76, 77, 78, 79, 80, 81, 82, 83, 84, 85, 86, 87, 88, 89, 90, 91, 92, 93, 94, 95, 96, 97, 99]\n",
      "p [ 0.01171542  0.01171542  0.01171489  0.01163647  0.01012971  0.00740556\n",
      "  0.0100544   0.01005863  0.00541386  0.01171395  0.01171488  0.01171395\n",
      "  0.01150082  0.00740501  0.00718935  0.00694415  0.00541364  0.01149699\n",
      "  0.01163506  0.01171089  0.01163645  0.01012971  0.00740556  0.01004855\n",
      "  0.00987405  0.00713601  0.01012974  0.00734544  0.0101078   0.01163536\n",
      "  0.01171095  0.01163647  0.01150085  0.0116324   0.01162183  0.01147574\n",
      "  0.01163154  0.00740556  0.01150085  0.01171395  0.01171489  0.01171398\n",
      "  0.01171486  0.01171479  0.01171377  0.01171483  0.00412319  0.0089224\n",
      "  0.01157637  0.01171449  0.01171542  0.01171542  0.01171542  0.01171542\n",
      "  0.01171542  0.01171542  0.00740556  0.01150085  0.01171398  0.01171542\n",
      "  0.01171542  0.0117154   0.01171489  0.01171398  0.01171489  0.00734544\n",
      "  0.0101078   0.01163538  0.01171488  0.01171542  0.0117154   0.01171149\n",
      "  0.01163648  0.01150085  0.01163648  0.01149699  0.01163506  0.01171142\n",
      "  0.0117154   0.01171542  0.01171489  0.01163648  0.01012991  0.00740556\n",
      "  0.01012991  0.01171395  0.01171488  0.0117154   0.01171542  0.01171542\n",
      "  0.01171398  0.01150085  0.00740556  0.00740556]\n",
      "s [array([9]), array([18]), array([40]), array([15]), array([98]), array([60]), array([22])]\n",
      "\n",
      "Iteration: 7\n",
      "Y [0, 1, 2, 3, 4, 5, 6, 7, 8, 10, 11, 12, 13, 14, 16, 17, 19, 20, 21, 23, 24, 25, 26, 27, 28, 29, 30, 31, 32, 33, 34, 35, 36, 37, 38, 39, 41, 42, 43, 44, 45, 46, 47, 48, 49, 50, 51, 52, 53, 54, 55, 56, 57, 58, 59, 61, 62, 63, 64, 65, 66, 67, 68, 69, 70, 71, 72, 73, 74, 75, 76, 77, 78, 79, 80, 81, 82, 83, 84, 85, 86, 87, 88, 89, 90, 91, 92, 93, 95, 96, 97, 99]\n",
      "p [ 0.01215653  0.01207865  0.0119374   0.0119978   0.01051159  0.00768689\n",
      "  0.0104364   0.01044086  0.00561959  0.01207753  0.0105148   0.00768523\n",
      "  0.01029963  0.0076124   0.00746237  0.00720802  0.00561936  0.01171929\n",
      "  0.00762441  0.00761184  0.01029992  0.00768637  0.01043035  0.01024926\n",
      "  0.00740718  0.01051467  0.00756359  0.0089062   0.00762479  0.0105118\n",
      "  0.0119978   0.01193747  0.01207443  0.01206347  0.01191182  0.01207354\n",
      "  0.00762569  0.01172316  0.01207754  0.012156    0.01215909  0.01216003\n",
      "  0.01215995  0.0121589   0.01216     0.00427904  0.00926144  0.01201511\n",
      "  0.01215911  0.01216058  0.01216061  0.01216061  0.01216061  0.01216061\n",
      "  0.01216061  0.00768697  0.01193788  0.01215911  0.01216061  0.01216061\n",
      "  0.01216059  0.01216006  0.01215911  0.01216006  0.00762455  0.01049189\n",
      "  0.01207753  0.01216005  0.01216061  0.01216059  0.01215653  0.01207868\n",
      "  0.01193788  0.01207868  0.01193388  0.0120772   0.01215646  0.01216059\n",
      "  0.01216061  0.01216006  0.01207868  0.01051485  0.00768697  0.01051485\n",
      "  0.01215908  0.01216005  0.01216058  0.01216061  0.01216061  0.01215911\n",
      "  0.01193788  0.00768697  0.00768697]\n",
      "s [array([9]), array([18]), array([40]), array([15]), array([98]), array([60]), array([22]), array([94])]\n",
      "\n",
      "Iteration: 8\n",
      "Y [1, 2, 3, 4, 5, 6, 7, 8, 10, 11, 12, 13, 14, 16, 17, 19, 20, 21, 23, 24, 25, 26, 27, 28, 29, 30, 31, 32, 33, 34, 35, 36, 37, 38, 39, 41, 42, 43, 44, 45, 46, 47, 48, 49, 50, 51, 52, 53, 54, 55, 56, 57, 58, 59, 61, 62, 63, 64, 65, 66, 67, 68, 69, 70, 71, 72, 73, 74, 75, 76, 77, 78, 79, 80, 81, 82, 83, 84, 85, 86, 87, 88, 89, 90, 91, 92, 93, 95, 96, 97, 99]\n",
      "p [ 0.01253101  0.01245073  0.01230512  0.01236738  0.01083539  0.00792368\n",
      "  0.01075789  0.01076248  0.0057927   0.01244957  0.0108387   0.00792197\n",
      "  0.0106169   0.00784689  0.00769224  0.00743006  0.00579246  0.0120803\n",
      "  0.00785927  0.00784631  0.0106172   0.00792315  0.01075165  0.01056498\n",
      "  0.00763536  0.01083857  0.00779658  0.00918054  0.00785967  0.01083561\n",
      "  0.01236739  0.01230519  0.01244638  0.01243507  0.01227875  0.01244546\n",
      "  0.00786059  0.01208428  0.01244958  0.01253046  0.01253364  0.01253461\n",
      "  0.01253453  0.01253344  0.01253457  0.00441085  0.00954674  0.01238522\n",
      "  0.01253366  0.01253518  0.01253521  0.01253521  0.01253521  0.01253521\n",
      "  0.01253521  0.00792376  0.01230559  0.01253309  0.01253366  0.01253464\n",
      "  0.01253515  0.01253464  0.01253366  0.01253464  0.00785942  0.01081505\n",
      "  0.01244537  0.01245017  0.01230562  0.01245072  0.0125268   0.01245072\n",
      "  0.01230562  0.01245075  0.01230149  0.01244866  0.01244647  0.01083873\n",
      "  0.00792376  0.01083821  0.01236634  0.01083821  0.00792376  0.01083875\n",
      "  0.01253363  0.01253308  0.01230559  0.00792376  0.00792227  0.01207618\n",
      "  0.00792227  0.00792376]\n",
      "s [array([9]), array([18]), array([40]), array([15]), array([98]), array([60]), array([22]), array([94]), array([0])]\n",
      "\n",
      "Iteration: 9\n",
      "Y [1, 2, 3, 4, 6, 7, 8, 10, 11, 12, 13, 14, 16, 17, 19, 20, 21, 23, 24, 25, 26, 27, 28, 29, 30, 31, 32, 33, 34, 35, 36, 37, 38, 39, 41, 42, 43, 44, 45, 46, 47, 48, 49, 50, 51, 52, 53, 54, 55, 56, 57, 58, 59, 61, 62, 63, 64, 65, 66, 67, 68, 69, 70, 71, 72, 73, 74, 75, 76, 77, 78, 79, 80, 81, 82, 83, 84, 85, 86, 87, 88, 89, 90, 91, 92, 93, 95, 96, 97, 99]\n",
      "p [ 0.00805322  0.01237993  0.01266928  0.01110094  0.00811787  0.01102153\n",
      "  0.01102624  0.00593466  0.00805203  0.00942882  0.0080514   0.01087709\n",
      "  0.00803918  0.00788076  0.00761215  0.00593442  0.0121496   0.00798717\n",
      "  0.00803742  0.01087733  0.00811732  0.01101514  0.01082391  0.00782248\n",
      "  0.01110419  0.00798647  0.00940554  0.0080511   0.0111006   0.01267045\n",
      "  0.01260676  0.0127514   0.01273982  0.01257967  0.01275046  0.00805321\n",
      "  0.01238036  0.01275466  0.01283754  0.0128408   0.0128418   0.01284172\n",
      "  0.01284061  0.01284176  0.00451895  0.0097807   0.01268875  0.01284082\n",
      "  0.01284238  0.01284241  0.01284242  0.01284241  0.01284241  0.01284241\n",
      "  0.00811795  0.01260717  0.01284025  0.01284083  0.01284183  0.01284236\n",
      "  0.01284183  0.01284083  0.01284183  0.00805203  0.0110801   0.01275037\n",
      "  0.01275529  0.0126072   0.01275586  0.0128338   0.01275586  0.0126072\n",
      "  0.01275588  0.01260297  0.01275375  0.0127515   0.01110435  0.00811796\n",
      "  0.01110382  0.01266941  0.01110382  0.00811796  0.01110438  0.0128408\n",
      "  0.01284024  0.01260717  0.00811795  0.00811643  0.01237214  0.00811643\n",
      "  0.00811795]\n",
      "s [array([9]), array([18]), array([40]), array([15]), array([98]), array([60]), array([22]), array([94]), array([0]), array([5])]\n",
      "\n",
      "Iteration: 10\n",
      "Y [1, 2, 3, 4, 6, 7, 8, 10, 11, 12, 13, 14, 16, 17, 19, 20, 21, 23, 24, 25, 26, 27, 28, 29, 30, 31, 32, 33, 34, 35, 36, 37, 38, 39, 41, 42, 43, 44, 45, 46, 47, 48, 49, 50, 51, 52, 53, 54, 55, 56, 57, 58, 59, 61, 62, 63, 64, 65, 66, 67, 69, 70, 71, 72, 73, 74, 75, 76, 77, 78, 79, 80, 81, 82, 83, 84, 85, 86, 87, 88, 89, 90, 91, 92, 93, 95, 96, 97, 99]\n",
